ID	IJC_SAMPLE_1	SJC_SAMPLE_1	IJC_SAMPLE_2	SJC_SAMPLE_2	IncFormLen	SkipFormLen
0	0,0,0,1,0,0,0,0,0,0,0,0,0,0,0,0	0,1,0,1,0,0,0,0,0,0,0,0,0,0,0,0	0,0,0,0,0,0,0,0,0,0,0,0,0,0,0,0	1,0,0,0,0,0,0,0,0,0,0,0,0,0,0,1	394	269
4	0,0,0,0,0,5,0,1,0,0,2,9,0,0,0,2	0,1,0,0,0,1,0,0,1,0,0,5,0,0,0,1	0,0,0,0,1,1,0,0,0,1,1,2,0,1,0,2	0,0,0,0,2,0,0,0,0,0,0,2,0,0,0,0	373	269
5	0,0,0,0,0,0,1,0,0,0,0,0,0,0,0,0	0,2,4,0,0,2,18,0,0,1,11,0,0,0,0,0	0,0,0,0,0,0,2,0,0,0,0,0,0,0,0,0	0,0,1,0,1,1,21,0,0,1,13,0,0,3,0,3	538	269
6	0,0,0,0,1,2,0,1,2,1,1,1,0,4,5,8	0,7,7,3,22,0,3,10,22,18,13,23,2,37,21,32	0,0,0,0,4,1,0,3,2,6,2,2,0,6,7,10	2,5,19,7,10,3,3,17,50,15,2,3,2,27,20,32	538	269
11	0,0,1,1,0,1,0,0,0,0,1,0,0,0,0,0	0,8,9,9,15,8,5,7,7,17,9,38,0,60,10,3	2,1,1,0,0,0,0,0,0,1,1,0,0,1,0,0	1,9,6,14,15,8,2,3,9,6,14,16,0,33,8,7	397	269
20	0,0,0,0,0,0,0,0,0,0,1,0,0,0,0,1	215,977,1196,483,842,347,324,697,1506,672,1728,658,72,1059,315,834	0,0,0,0,0,0,0,0,0,0,0,0,0,0,0,0	632,1055,1089,740,575,297,271,571,790,471,1524,490,59,574,338,527	538	269
21	0,0,0,0,0,0,0,0,0,0,0,0,0,0,1,0	0,0,0,35,7,18,3,6,13,0,3,19,28,1,280,0	0,0,0,0,0,0,0,0,0,0,0,0,0,0,0,0	1,0,0,54,4,13,8,24,7,0,1,7,19,4,195,1	538	269
23	0,3,5,85,15,95,3,8,16,0,0,9,0,22,18,1	0,0,0,1,0,1,0,0,0,0,0,0,0,0,0,0	3,2,11,108,11,69,4,19,40,0,0,6,0,5,21,3	0,0,0,2,0,0,0,0,0,0,0,0,0,0,0,0	402	269
24	0,1,0,1,0,1,0,0,0,0,2,2,0,0,0,0	0,3,2,0,0,4,0,3,1,0,1,0,0,0,4,0	0,0,6,0,0,1,0,0,0,0,2,0,0,1,0,0	2,3,4,6,3,4,0,1,5,0,9,0,0,2,0,0	436	269
27	0,1,1,0,2,2,0,3,1,3,2,7,0,3,0,4	0,1,0,0,0,0,0,0,1,0,3,3,0,0,0,0	0,0,0,1,8,0,0,0,2,2,2,0,0,0,0,2	0,0,0,0,0,0,0,0,0,0,2,3,0,0,0,0	538	269
29	0,0,0,0,0,0,0,0,0,0,1,0,0,0,0,0	5,8,6,1,12,14,2,8,12,7,45,13,0,25,1,12	0,0,0,0,0,0,0,0,0,0,0,0,0,0,0,0	3,7,6,11,7,6,2,11,56,22,38,19,0,16,4,9	538	269
30	0,0,0,0,0,1,0,0,0,0,8,2,0,2,0,0	0,0,0,0,0,0,0,0,0,0,1,0,0,4,1,0	0,0,0,0,1,0,0,0,5,0,5,1,0,1,1,0	0,0,0,0,0,0,0,0,6,0,1,0,0,0,0,0	457	269
31	0,0,0,0,0,1,0,0,0,0,8,2,0,2,0,0	5,11,3,4,17,7,4,10,10,4,51,10,0,26,5,15	0,0,0,0,1,0,0,0,5,0,5,1,0,1,1,0	3,7,3,11,8,7,5,10,29,32,31,22,0,15,1,9	478	269
32	0,0,0,0,0,0,0,0,0,0,0,0,0,1,0,0	14,198,142,92,70,81,1,58,156,131,48,116,0,195,48,277	0,0,2,0,3,1,0,1,1,1,0,0,0,1,1,0	17,188,337,114,113,72,4,71,130,127,34,85,3,152,23,276	538	269
33	0,0,0,0,0,0,0,0,0,0,0,0,0,0,0,0	0,0,1,0,2,0,0,6,2,16,11,4,0,12,0,6	0,0,1,0,0,0,0,0,0,0,3,0,0,1,0,0	0,0,5,1,4,0,1,0,8,6,7,1,0,2,0,8	538	269
40	0,0,0,0,0,0,0,0,2,0,0,0,0,0,0,3	0,0,0,0,0,1,0,0,0,0,0,0,0,0,0,2	0,0,0,0,0,0,0,0,0,0,0,0,0,0,1,0	0,0,0,0,1,1,0,0,0,2,0,0,0,0,0,1	337	269
41	0,0,0,0,0,1,0,0,0,0,0,0,0,0,0,0	0,0,0,0,0,3,0,0,0,1,0,0,0,0,0,0	0,0,0,0,0,0,0,0,0,2,1,0,0,0,0,0	0,0,2,0,0,0,0,1,0,3,0,0,0,0,0,3	343	269
48	0,2,0,0,3,1,8,1,7,4,11,5,0,5,1,7	1,0,1,1,8,0,1,10,4,10,28,0,0,6,0,18	7,1,4,1,4,6,7,3,13,1,7,0,0,2,5,6	1,3,0,3,13,2,7,19,19,18,12,0,0,13,3,11	373	269
49	12,15,12,26,4,46,1,11,8,13,26,164,2,4,13,32	0,1,0,0,0,0,0,0,0,0,0,6,1,0,2,0	3,11,11,11,50,37,0,25,34,25,25,32,3,42,14,46	0,0,0,0,2,1,0,1,0,1,0,6,0,1,2,1	340	269
50	0,0,0,0,0,0,0,0,0,0,0,0,0,0,0,1	0,0,0,0,0,0,0,0,0,0,0,0,0,0,1,0	0,0,0,0,0,0,0,0,0,0,0,1,0,0,0,0	0,0,0,0,0,0,0,0,0,0,0,0,0,0,0,0	538	269
53	0,0,0,0,0,0,1,0,0,0,0,0,0,0,0,0	0,0,0,0,0,0,0,0,0,0,0,0,0,0,0,0	0,0,0,0,0,0,2,0,0,0,4,0,0,0,0,0	0,0,0,0,0,0,2,0,0,0,0,0,0,0,0,0	411	269
54	0,0,0,0,0,0,0,0,1,1,0,0,0,0,2,0	0,0,0,0,0,0,0,0,0,0,2,0,0,0,1,0	0,0,0,0,2,0,0,0,0,0,0,0,0,0,0,0	0,0,0,0,0,0,0,0,0,0,0,0,0,0,0,0	538	269
56	4,28,5,2,20,32,2,8,22,36,39,37,2,32,35,38	82,349,364,83,407,232,41,141,820,655,422,383,43,830,368,698	9,15,9,10,11,26,2,15,18,44,26,7,3,22,24,50	235,257,287,152,410,204,34,156,233,778,369,269,33,514,332,857	438	269
57	0,0,0,0,0,0,0,0,3,0,0,0,0,0,0,0	0,0,1,2,3,0,1,1,1,1,4,4,1,1,3,2	0,0,0,0,0,0,0,0,0,0,0,0,0,0,0,0	0,1,2,1,2,2,2,1,2,3,8,1,5,1,7,3	373	269
58	0,2,1,6,2,2,0,2,0,6,3,4,0,3,0,5	236,623,792,443,727,289,244,428,1253,413,1018,696,45,527,170,293	0,2,3,1,0,1,0,0,2,1,1,1,0,1,0,1	408,790,731,630,193,304,189,200,818,209,410,705,79,139,164,99	538	269
64	0,0,0,1,3,7,1,0,0,0,8,6,0,5,6,5	2,7,11,15,6,14,8,4,11,15,26,13,0,22,9,24	0,0,2,2,4,4,1,2,2,2,8,0,0,3,2,4	1,12,7,9,13,21,5,3,11,31,15,7,0,9,17,27	538	269
66	0,0,0,0,0,0,0,0,0,0,0,0,0,0,0,2	0,1,0,0,9,9,19,0,0,0,21,10,0,10,3,9	0,0,0,0,0,0,0,0,0,0,0,0,0,0,0,1	0,4,0,0,11,1,11,5,0,4,19,3,0,24,2,6	397	269
69	0,0,0,0,0,0,0,0,0,0,0,0,0,4,0,0	2,2,2,7,81,68,7,19,10,289,45,127,0,187,40,289	0,0,0,0,0,0,0,1,0,0,0,0,0,0,0,0	5,1,11,10,100,55,2,35,22,141,43,66,1,121,37,186	538	269
72	0,0,2,0,1,0,0,0,0,0,0,0,0,4,0,0	3,0,3,5,2,2,0,0,0,0,0,3,0,2,1,0	0,0,2,0,0,0,0,0,0,2,0,2,0,5,0,1	0,0,0,3,4,0,0,0,7,5,0,2,0,8,0,4	538	269
75	0,0,0,0,0,0,0,0,0,0,0,0,0,0,0,0	2,1,0,0,3,5,0,4,1,0,3,1,0,9,1,5	0,1,0,0,0,0,0,0,0,0,0,0,0,0,0,0	0,2,0,0,4,0,0,8,1,21,9,3,0,10,1,2	538	269
81	0,0,0,0,0,0,0,0,0,0,0,0,0,0,0,0	0,0,2,0,0,0,0,0,0,5,0,0,0,1,0,3	0,0,0,0,0,0,0,0,1,0,0,0,0,0,0,0	0,0,0,0,0,0,0,0,0,9,1,2,0,4,0,4	343	269
85	0,0,1,0,3,0,0,0,0,0,4,3,0,2,0,1	1,17,7,25,89,18,22,54,42,37,89,99,1,109,36,53	0,0,0,0,2,0,0,3,0,0,1,2,0,4,1,3	6,21,25,25,78,9,10,65,34,50,128,81,5,112,30,109	350	269
91	0,3,1,0,6,7,18,0,0,11,10,4,0,8,11,7	22,3,21,10,94,143,275,97,8,139,367,131,2,196,130,197	3,0,0,0,8,10,9,4,1,9,14,2,1,9,6,10	7,15,13,4,251,91,220,137,5,73,359,86,9,197,135,235	343	269
92	0,0,0,0,0,1,0,0,0,0,0,0,0,0,0,0	1,0,0,0,3,11,0,6,0,5,11,13,0,1,10,13	0,1,0,0,0,0,0,0,0,0,0,0,0,0,0,0	0,0,0,0,11,13,4,12,2,4,12,11,0,10,3,9	361	269
95	0,0,0,0,0,1,0,0,0,3,0,0,0,0,0,0	0,0,0,0,0,0,0,0,0,0,0,0,0,1,0,4	0,0,0,0,0,1,0,0,0,0,0,0,0,0,0,0	0,0,0,0,0,0,0,0,0,4,0,0,0,0,0,0	538	269
96	0,0,0,0,0,0,0,0,3,16,0,0,0,2,0,5	2,1,8,2,17,0,5,3,81,296,14,6,0,106,0,223	0,0,0,0,0,0,0,0,0,9,0,0,0,1,0,8	2,1,3,6,19,0,1,5,39,402,19,7,1,94,0,249	410	269
99	34,395,419,11,1,121,3,0,8,0,0,2,0,13,4,1	2,69,78,2,0,12,0,0,0,0,0,0,0,1,0,0	2,450,657,2,0,131,0,0,5,0,2,0,0,9,5,0	2,97,128,2,0,20,0,0,7,0,2,0,2,0,1,0	538	269
100	33,386,403,11,0,112,3,0,8,0,0,2,0,12,3,1	8,211,193,3,0,14,2,0,3,1,0,0,0,2,0,0	2,424,626,2,0,119,0,0,5,0,1,0,0,9,5,0	12,194,253,0,0,37,1,0,13,0,0,0,0,3,0,0	538	269
101	0,11,7,0,0,5,0,0,0,0,0,0,0,0,0,0	1,29,33,0,2,8,0,0,0,0,0,0,0,0,0,0	0,21,8,0,0,3,0,0,0,0,0,0,0,0,0,0	0,34,24,0,0,18,1,0,0,0,1,0,0,0,1,0	538	269
108	0,0,0,0,0,0,0,0,0,0,0,0,0,0,0,0	2,7,13,4,5,19,0,1,23,21,10,4,0,4,3,13	0,1,0,0,0,0,0,0,0,0,0,0,0,0,0,0	3,11,11,10,2,12,9,2,6,21,1,0,0,3,2,8	484	269
109	0,0,0,0,0,0,0,0,0,0,0,0,0,0,0,0	11,25,24,16,9,35,8,4,42,15,29,24,0,44,10,47	0,1,0,0,0,0,0,0,0,0,0,0,0,0,0,0	15,38,47,22,28,19,6,9,20,41,45,16,0,33,15,61	538	269
110	0,0,0,1,0,4,0,0,3,6,2,0,0,1,0,3	1,5,3,0,2,4,1,0,9,6,6,5,0,6,2,3	0,1,0,0,0,2,4,2,1,1,0,0,0,0,0,1	1,0,10,4,5,4,1,2,0,10,1,0,0,1,0,1	356	269
111	0,0,0,0,0,0,0,0,0,0,0,4,0,0,1,0	0,0,0,0,0,2,0,1,0,3,1,4,0,1,2,0	0,0,2,0,0,0,0,0,0,0,0,0,0,0,0,0	0,0,1,0,8,4,0,0,0,3,0,0,0,5,3,1	364	269
115	4,11,9,8,9,32,5,2,13,22,24,25,1,22,10,13	0,3,1,2,5,16,4,1,4,0,6,12,0,0,3,6	5,11,28,9,10,15,6,5,9,27,7,9,0,21,9,19	3,6,6,3,2,10,0,1,8,4,5,0,2,3,4,5	415	269
121	0,0,0,0,0,0,0,0,0,0,0,0,0,0,0,0	0,0,0,2,0,0,0,0,5,11,0,0,0,14,0,32	0,0,0,0,0,0,0,0,0,1,0,0,0,0,0,3	0,0,0,2,0,1,0,0,20,17,0,0,0,8,0,27	385	269
125	0,0,0,2,1,9,0,0,2,13,0,5,0,4,0,9	11,6,14,108,21,57,1,18,83,76,2,77,0,33,7,54	1,0,1,3,1,4,0,0,3,8,0,1,0,4,0,3	14,1,13,144,15,69,0,10,76,43,1,56,0,20,4,37	538	269
126	8,1,2,89,15,36,0,2,50,50,1,24,1,21,4,42	14,5,24,142,34,43,0,8,143,68,0,66,0,49,1,73	29,1,10,141,10,21,2,3,51,43,0,19,0,12,1,39	43,12,26,206,6,61,1,17,102,49,0,60,0,22,6,37	538	269
127	1,0,6,0,0,28,0,0,0,0,0,2,0,1,0,1	0,0,0,2,0,0,0,0,0,0,0,3,0,0,0,0	0,0,3,0,0,29,0,0,0,0,0,1,0,0,0,1	0,0,0,0,0,0,0,0,0,0,0,0,0,0,0,0	538	269
128	0,0,0,0,0,0,0,0,0,4,0,0,0,0,0,0	0,1,1,0,2,12,0,1,0,24,2,1,0,7,1,2	0,0,0,0,0,0,0,0,0,0,0,0,0,0,0,0	0,5,0,0,2,19,0,2,5,42,2,1,0,8,3,9	343	269
129	0,1,0,0,0,0,0,0,0,0,0,0,0,0,0,0	0,2,3,1,4,1,1,1,2,6,5,13,0,6,0,6	0,0,0,0,0,0,0,0,0,0,0,0,0,0,0,0	0,3,0,2,7,7,0,0,3,8,1,5,0,19,2,1	356	269
130	0,1,0,0,0,0,0,0,0,0,0,0,0,0,0,0	0,0,0,0,1,0,5,0,0,0,26,3,0,0,0,1	0,0,0,0,0,0,0,0,0,0,0,0,0,0,0,0	0,1,0,0,5,6,1,0,0,0,31,0,0,1,0,0	538	269
133	0,1,2,1,2,0,0,0,0,1,8,2,0,2,0,0	0,0,0,0,0,0,0,0,0,0,3,0,0,0,0,0	0,2,3,2,1,0,1,1,5,1,1,3,0,1,0,2	0,0,0,0,0,0,0,0,0,0,0,0,0,0,0,0	493	269
134	0,1,1,1,0,0,0,0,0,1,0,1,0,0,0,0	11,36,85,21,25,47,10,19,53,38,136,36,0,94,9,69	0,0,2,0,0,0,1,1,4,0,0,0,0,0,0,1	11,61,26,44,26,35,15,18,96,69,100,48,0,36,2,39	486	269
135	0,0,1,0,1,0,0,0,0,1,0,0,0,1,0,1	1,2,0,2,7,8,2,3,1,17,23,67,0,4,0,23	1,0,0,0,0,2,0,1,0,0,2,0,0,0,0,0	0,0,1,2,30,6,4,22,1,8,38,13,0,32,3,37	415	269
136	1,8,2,3,0,1,2,3,1,5,1,1,0,1,0,2	2,12,10,0,4,6,2,1,3,6,6,21,2,1,1,6	2,11,1,0,1,2,0,0,1,16,2,0,0,5,0,4	4,13,12,3,5,8,3,2,15,16,13,0,0,2,1,6	538	269
138	1,9,2,3,0,1,2,3,1,8,1,12,0,1,0,5	1,1,3,2,0,3,0,0,1,0,1,3,0,1,0,8	4,11,2,0,2,5,1,0,1,19,3,0,0,5,1,8	1,7,7,0,0,4,0,0,0,0,2,1,0,1,0,7	538	269
139	2,10,3,3,0,2,2,3,1,6,2,3,0,3,1,3	0,1,0,0,0,0,0,0,0,0,0,0,0,0,0,0	2,11,2,0,2,3,0,0,1,17,2,0,0,6,0,5	0,0,0,0,0,0,0,0,0,0,0,0,0,0,0,0	538	269
140	1,2,3,2,0,1,0,3,1,1,2,3,0,2,1,7	0,0,0,0,0,0,0,0,0,0,0,0,0,0,0,0	1,5,3,0,1,4,0,0,0,1,1,0,0,2,0,4	0,0,0,0,0,0,0,0,0,0,0,0,0,0,2,0	356	269
141	1,8,2,3,0,1,2,3,1,5,1,3,0,1,0,3	11,76,39,10,44,18,2,29,31,83,159,67,0,101,5,86	2,11,1,0,1,2,0,0,1,16,1,0,0,5,0,4	21,56,47,24,42,46,12,31,72,96,109,52,0,59,4,92	538	269
142	0,0,2,2,0,0,0,3,1,0,1,3,0,0,0,7	0,1,0,0,0,0,0,0,0,3,0,11,0,0,0,3	1,5,2,0,0,3,0,0,0,0,1,0,0,1,0,3	2,0,2,0,2,3,1,0,0,7,2,0,0,1,0,7	538	269
143	0,0,0,0,0,0,0,3,0,0,0,2,0,0,0,1	3,7,1,1,4,13,0,5,0,7,4,14,0,11,2,12	0,0,0,0,0,0,0,0,0,0,1,0,0,0,0,0	1,2,4,1,1,14,2,5,1,31,7,1,0,8,0,10	538	269
144	0,2,4,0,0,3,0,0,1,6,1,11,0,1,0,0	0,0,0,0,0,0,0,0,0,0,1,0,0,0,0,0	0,3,1,1,4,0,0,0,1,2,2,4,0,1,0,1	0,0,0,0,0,0,0,0,0,0,0,0,0,0,0,0	358	269
146	6,25,23,18,22,7,2,12,38,3,28,16,2,12,7,14	37,98,91,163,167,75,32,156,303,189,250,255,16,249,65,199	52,31,41,41,7,13,4,14,24,9,26,10,1,15,13,15	182,139,123,229,122,89,23,117,215,104,226,261,10,147,62,203	345	269
150	0,2,0,0,0,8,5,1,6,0,4,10,0,5,3,6	0,0,0,2,0,0,0,0,0,0,0,1,0,1,0,0	0,1,0,0,10,8,3,2,2,10,6,9,1,31,0,5	0,0,0,0,3,0,0,0,1,0,1,1,0,1,0,0	451	269
154	0,3,7,9,6,7,5,0,10,7,13,3,1,4,22,7	23,50,32,61,106,126,50,68,69,95,314,327,0,179,51,132	1,5,6,8,4,16,3,7,8,2,6,5,0,5,12,11	5,32,45,33,96,103,58,71,81,59,235,157,5,139,55,97	362	269
155	0,4,2,5,4,14,5,2,14,24,21,38,1,16,6,10	46,215,225,268,715,164,94,528,586,364,894,702,44,693,171,373	0,8,9,17,9,7,4,14,16,19,12,33,0,20,9,16	227,320,283,390,361,209,88,337,422,356,807,846,27,420,188,378	355	269
158	1,2,4,0,3,9,0,1,6,4,2,5,0,2,0,8	3,1,20,1,6,4,0,0,18,16,3,0,0,4,2,6	0,0,3,4,1,4,2,0,5,9,0,0,0,4,0,14	4,3,1,10,3,2,1,0,3,3,1,2,0,9,0,6	538	269
159	0,1,1,0,3,0,0,0,0,10,0,4,0,3,0,0	0,6,14,5,10,6,0,8,5,44,0,45,0,12,1,27	0,0,5,0,3,2,0,0,1,5,0,7,0,0,0,1	0,3,15,2,5,6,0,2,2,24,0,43,0,3,0,38	352	269
175	1,8,9,20,44,13,2,20,8,27,63,48,1,33,12,22	8,13,18,34,153,48,44,119,41,165,292,181,0,288,47,206	1,8,16,11,23,14,9,36,15,22,35,38,1,21,11,26	7,17,25,27,136,54,28,125,64,131,239,179,0,155,60,167	538	269
176	0,0,0,0,3,0,0,0,0,3,1,1,0,0,0,2	4,3,11,6,18,6,4,10,6,23,41,50,0,14,6,10	0,0,0,0,1,1,0,1,0,2,0,0,0,0,0,0	3,7,8,11,7,13,5,19,7,3,37,44,0,17,3,19	538	269
177	0,0,0,0,3,0,0,0,0,3,1,1,0,0,0,2	6,26,18,18,80,42,36,63,41,24,176,116,0,122,26,60	0,0,0,0,1,1,0,1,0,2,0,0,0,0,0,0	4,34,34,30,61,47,25,60,39,32,137,103,1,55,31,56	538	269
178	0,0,0,0,3,0,0,0,0,3,1,1,0,0,0,2	2,8,8,1,5,13,5,7,2,25,44,30,0,19,12,20	0,0,0,0,1,1,0,1,0,2,0,0,0,0,0,0	0,6,6,5,7,8,5,12,8,2,35,22,0,9,2,11	538	269
179	0,0,0,0,2,0,5,0,2,0,13,3,1,1,0,0	4,0,3,10,32,8,73,13,76,23,145,35,0,61,24,7	0,0,0,1,2,0,4,0,3,0,16,2,0,1,0,2	5,1,3,18,25,3,58,17,74,13,122,34,2,14,9,12	371	269
180	0,0,0,0,1,1,0,0,0,1,4,0,0,0,0,2	1,20,16,6,8,10,7,3,21,8,13,4,0,26,4,15	0,4,1,0,0,0,0,0,7,0,0,0,0,0,0,2	6,24,7,2,4,1,0,3,54,14,14,1,0,8,0,12	503	269
181	0,0,0,0,0,0,0,0,0,0,0,0,0,0,0,1	0,0,0,0,0,0,0,0,0,0,0,0,0,1,0,0	0,1,0,2,0,0,0,0,0,0,0,0,0,0,0,0	0,0,0,0,1,0,0,0,0,0,0,0,0,0,0,0	538	269
183	0,0,0,1,0,0,0,0,0,0,0,0,0,0,1,0	0,2,3,30,6,14,0,2,5,0,0,28,2,18,28,0	0,0,0,0,0,1,0,1,0,0,0,1,0,1,0,0	0,0,1,11,5,11,0,4,3,0,0,7,0,10,23,0	538	269
185	0,0,0,0,0,0,0,1,0,0,0,0,0,0,0,1	6,10,8,7,112,107,12,31,5,346,202,319,14,195,253,344	0,4,0,0,3,2,0,0,0,0,0,0,0,0,0,0	0,10,18,2,228,124,14,37,35,367,218,173,12,265,190,577	360	269
186	23,72,42,45,54,113,83,69,78,135,295,389,2,126,43,134	69,187,222,121,96,121,122,121,136,121,386,439,14,158,98,148	4,38,76,68,129,100,59,62,70,80,267,147,4,96,32,115	5,131,223,132,187,145,106,97,181,52,272,175,5,97,102,167	385	269
191	1,0,2,4,0,8,0,0,1,0,0,0,0,1,2,3	0,1,1,31,8,83,2,3,17,9,0,0,2,25,79,15	0,0,0,2,1,8,0,0,4,1,0,1,0,1,4,13	10,5,5,27,8,50,2,5,5,0,0,3,2,5,71,11	538	269
192	4,15,29,5,18,11,0,7,12,16,18,7,0,26,4,9	21,68,95,35,60,169,28,30,97,113,75,79,14,93,86,68	18,20,28,11,5,16,2,1,9,14,1,0,3,1,6,12	54,78,65,66,31,134,22,48,188,100,54,22,10,36,84,60	538	269
193	0,0,0,0,0,3,0,0,0,0,0,0,0,0,0,0	5,0,0,4,0,3,0,0,0,14,1,0,0,0,3,0	0,0,0,1,0,0,0,0,0,0,0,0,0,0,0,0	0,1,0,7,2,5,0,0,1,0,0,0,0,5,2,8	531	269
195	0,0,2,6,2,0,1,0,7,6,7,2,0,1,3,3	0,0,0,1,1,3,0,1,0,0,0,8,0,4,9,5	0,0,2,2,0,1,0,1,9,0,3,0,0,2,2,6	0,0,0,0,2,0,0,0,0,8,1,3,0,1,1,0	538	269
196	0,0,0,0,0,0,0,0,0,0,1,0,0,0,0,0	0,0,0,1,0,3,0,1,0,19,3,7,0,3,0,0	0,0,0,0,1,0,0,1,0,0,0,0,0,0,0,0	3,1,0,0,5,3,0,3,0,0,9,2,0,8,1,6	459	269
204	0,0,0,0,0,0,0,0,0,0,1,0,0,1,0,0	0,2,2,1,2,3,0,1,1,2,2,0,0,1,3,1	0,0,0,0,0,0,0,0,0,0,0,0,0,1,0,1	4,1,3,7,2,2,0,1,0,0,2,0,0,1,2,3	538	269
208	2,0,0,0,3,1,1,0,0,1,0,8,0,0,1,3	5,13,8,33,56,43,27,33,23,71,138,140,2,88,27,58	2,2,3,0,1,1,2,0,2,3,0,1,0,1,0,2	1,25,28,27,84,24,23,47,39,33,122,85,4,54,27,79	538	269
209	2,0,0,0,3,1,1,0,0,1,0,8,0,0,1,3	0,0,0,0,0,0,0,0,0,0,0,0,0,1,0,0	2,2,3,0,1,1,2,0,2,3,0,1,0,1,0,2	0,0,0,0,0,0,0,0,0,0,0,0,0,0,0,0	538	269
212	0,1,1,0,0,0,2,0,0,2,2,0,0,0,0,0	44,62,57,56,177,162,93,101,28,192,436,703,6,242,49,180	0,0,0,0,0,0,0,0,4,0,1,0,0,0,0,1	2,44,50,34,154,145,65,120,73,118,202,253,2,184,41,171	538	269
213	0,0,0,0,0,0,0,0,0,0,0,0,0,0,0,0	0,0,0,0,0,0,0,0,0,0,1,3,0,0,0,1	0,0,0,0,0,0,0,0,0,0,0,0,0,1,0,0	0,0,0,0,1,0,0,1,1,0,0,1,0,2,0,0	375	269
217	4,25,5,22,27,13,6,19,55,28,85,20,1,36,5,32	26,78,110,191,552,73,46,508,338,328,855,370,4,549,22,291	14,25,21,59,23,15,7,25,40,41,79,24,1,23,9,32	97,101,64,314,339,78,58,371,253,348,761,505,3,315,34,262	410	269
222	0,0,0,0,0,0,0,0,0,0,0,0,0,0,0,1	0,8,1,12,5,9,0,0,12,2,0,21,12,6,31,8	0,0,0,0,0,0,0,0,4,0,0,0,0,0,1,0	0,9,4,8,10,10,1,4,0,2,0,2,7,13,25,27	451	269
223	2,3,7,4,23,22,5,13,7,129,30,14,1,41,4,77	0,0,0,0,0,0,0,0,0,0,0,2,0,0,0,0	6,12,9,2,26,29,6,6,27,143,34,7,0,56,1,73	0,0,0,0,0,0,0,0,0,0,0,0,0,0,0,0	325	269
228	0,0,0,0,0,0,0,0,0,0,2,0,0,0,0,0	4,3,7,23,66,98,49,70,9,73,277,159,4,71,116,98	0,0,0,0,0,0,0,0,0,0,0,0,0,0,0,0	1,6,8,8,94,83,47,67,10,45,220,56,9,76,115,90	538	269
229	0,0,0,0,1,2,0,0,4,0,0,1,1,3,1,1	67,106,45,69,80,92,0,66,83,28,2,91,25,209,77,123	0,1,1,3,6,2,0,2,1,0,0,0,0,9,1,5	28,84,118,52,92,102,4,134,63,19,4,50,18,164,77,232	538	269
232	0,0,0,0,0,0,0,0,0,0,1,0,0,0,0,0	6,2,30,4,1,3,10,3,15,3,3,9,2,18,6,9	0,0,0,0,0,0,0,0,0,0,0,0,0,0,0,0	13,14,18,6,11,20,2,8,4,0,8,0,1,10,9,10	370	269
241	44,137,184,60,72,154,106,33,122,263,208,53,5,147,49,166	26,65,66,54,19,66,19,14,106,78,81,36,2,66,21,56	79,175,232,64,78,142,78,43,206,322,169,19,8,101,73,301	50,67,88,50,28,62,25,11,112,159,57,7,0,36,28,99	370	269
242	0,0,0,0,0,0,0,0,0,0,0,0,0,0,0,0	10,21,32,13,98,80,12,93,17,105,160,204,6,122,29,103	0,0,0,0,0,1,0,1,0,0,0,0,0,1,0,0	12,21,26,14,120,69,16,85,20,132,108,114,2,132,20,169	538	269
243	0,0,0,1,22,0,2,7,1,86,108,90,0,35,2,88	0,0,0,0,0,0,0,0,0,0,7,1,0,2,0,3	0,0,0,0,52,4,4,12,0,55,137,31,0,41,1,137	0,0,0,0,4,0,0,1,0,0,3,3,0,4,0,11	538	269
244	0,0,0,0,11,0,6,11,0,102,113,73,0,32,0,117	0,0,0,0,10,0,2,7,0,23,28,10,0,12,0,21	0,0,0,1,50,1,8,11,2,67,115,23,0,65,1,179	0,0,0,0,21,0,0,3,2,5,53,8,0,8,0,29	538	269
245	0,0,0,0,0,2,0,0,0,0,0,0,0,4,0,2	0,0,0,0,0,0,0,0,0,2,0,0,0,2,0,4	0,0,0,0,0,0,0,0,0,5,0,0,0,0,0,2	0,0,0,0,0,0,0,0,0,5,0,0,0,6,0,7	355	269
247	0,1,1,0,3,1,0,1,1,2,5,3,0,9,1,2	16,22,30,7,49,14,2,4,72,78,130,51,0,43,5,29	0,1,0,0,6,0,1,0,1,1,3,3,0,7,0,5	35,26,33,31,17,23,3,18,59,29,88,36,3,46,5,35	538	269
253	0,1,0,0,0,0,0,0,0,0,0,0,0,0,0,0	11,10,22,12,51,16,10,47,19,20,76,38,6,38,18,20	1,0,1,3,0,0,0,0,0,0,0,0,1,0,0,0	7,19,18,11,32,20,7,33,13,22,51,55,7,23,23,10	353	269
257	0,0,0,1,0,0,0,0,1,0,1,0,0,1,0,0	1,3,2,1,2,1,3,0,0,2,1,0,0,5,1,0	0,0,0,0,0,1,0,0,0,0,0,0,0,2,0,0	1,0,1,0,0,2,0,0,2,0,1,2,0,0,0,1	363	269
258	0,13,9,10,4,10,9,3,14,6,26,15,0,6,6,5	1,9,1,8,16,8,23,8,1,34,45,31,1,10,12,17	0,8,8,5,7,6,7,2,11,0,4,4,0,2,5,4	2,5,9,2,6,10,43,10,2,13,21,12,0,6,8,13	538	269
268	0,0,0,0,0,0,0,0,0,0,0,0,0,0,0,0	0,0,0,0,2,0,0,0,0,0,0,0,0,0,0,0	0,0,0,0,2,0,0,0,0,0,0,0,0,0,0,0	0,0,0,0,0,0,0,0,0,0,0,0,0,0,0,1	538	269
269	0,0,0,0,0,0,0,0,0,0,0,0,0,0,0,0	0,0,0,0,0,0,0,0,0,0,0,0,0,1,0,0	0,0,0,0,2,0,0,0,0,0,0,0,0,0,0,0	0,0,1,0,0,0,0,2,0,0,0,0,0,0,0,0	538	269
270	0,0,0,0,5,2,7,6,2,1,37,8,0,1,3,1	9,7,102,34,915,168,435,1382,616,513,6234,655,19,274,177,198	0,0,0,2,0,2,6,4,0,1,52,12,0,4,3,2	7,20,29,51,722,112,358,962,282,608,5831,715,22,168,117,117	481	269
272	0,0,0,0,0,0,6,0,0,0,2,0,0,0,0,0	0,0,0,0,0,0,5,0,0,0,0,0,0,0,0,0	0,0,0,0,0,0,5,0,0,0,3,0,0,0,0,0	0,0,0,0,0,0,2,0,0,0,4,0,0,0,0,0	346	269
277	1,11,3,4,1,9,1,4,0,3,21,13,2,8,12,8	13,64,35,75,63,54,8,58,65,34,101,73,8,62,76,77	3,5,7,4,4,10,4,4,6,3,13,13,1,2,2,4	45,81,128,81,59,65,18,56,108,31,63,43,11,36,75,67	538	269
278	0,12,9,6,5,9,0,1,16,17,6,5,0,12,0,10	0,33,35,22,69,30,0,18,74,123,16,74,0,125,2,135	2,11,6,2,1,4,0,1,10,35,0,3,0,5,0,36	3,52,45,51,60,25,1,19,61,79,13,40,0,68,0,186	538	269
282	4,0,0,0,0,1,0,2,0,1,0,1,0,0,0,1	0,4,0,0,1,4,0,0,1,0,0,0,0,0,1,0	3,0,0,0,0,2,0,0,2,0,0,0,0,2,0,0	0,0,0,1,1,2,0,0,0,0,0,0,0,0,0,1	538	269
285	1,9,20,1,7,0,1,3,0,4,3,0,0,5,2,0	1,0,0,0,0,0,0,1,0,0,0,0,0,0,0,0	2,6,5,0,0,0,0,1,4,2,1,0,0,3,0,4	0,0,0,0,0,0,0,0,0,0,0,0,0,0,0,0	538	269
286	14,104,142,32,91,80,39,59,104,106,113,78,4,154,30,111	0,0,1,0,0,0,0,0,0,0,0,0,0,0,0,0	21,112,76,58,65,62,24,40,115,143,172,104,9,95,22,107	0,0,0,0,0,0,0,0,0,0,0,0,0,0,0,0	538	269
287	0,0,0,0,1,6,2,1,2,7,0,2,0,8,0,1	3,8,10,17,23,35,5,30,8,74,25,77,0,61,25,85	0,1,0,1,3,1,0,2,0,4,1,0,0,2,1,12	6,2,0,4,31,20,5,46,12,23,24,25,0,54,9,84	344	269
299	1,5,3,0,10,3,6,3,0,29,12,4,0,8,0,7	6,31,34,20,39,39,31,17,73,49,97,38,0,85,9,49	1,0,1,5,10,4,5,9,7,24,18,2,0,6,2,2	19,20,20,30,64,30,29,62,107,59,121,20,1,50,10,49	443	269
300	2,2,0,7,0,2,3,0,2,9,10,0,0,6,0,2	22,43,41,43,53,50,45,26,73,64,145,46,0,119,13,96	2,1,0,4,3,1,4,1,1,2,9,0,0,3,0,0	27,54,27,60,65,39,33,64,128,81,137,32,7,55,9,48	526	269
302	3,3,6,5,14,8,1,9,8,27,16,7,0,7,2,16	502,1059,1017,847,1090,656,155,743,1896,1168,1541,1067,110,1450,562,1306	2,9,9,7,9,7,3,1,11,12,17,13,1,12,9,12	1185,1256,1035,1358,606,612,117,562,1506,907,1329,1084,96,859,396,1254	346	269
307	0,0,1,1,0,0,0,1,1,3,0,2,1,0,0,3	0,0,0,0,3,0,1,0,0,3,0,0,1,1,0,1	0,0,0,4,0,1,1,0,0,0,2,0,0,0,0,0	3,1,0,3,0,0,0,2,0,0,1,0,0,0,0,3	406	269
308	4,1,0,1,17,7,7,6,2,16,26,17,1,30,21,19	10,15,12,8,26,27,13,10,47,12,25,6,2,43,42,31	2,1,0,8,7,6,3,10,5,5,23,13,0,38,14,12	9,36,16,29,11,21,13,7,55,30,27,9,3,26,29,7	538	269
310	0,0,0,0,0,1,0,0,0,2,0,0,0,0,2,0	0,1,6,0,9,19,2,4,2,21,15,6,1,22,27,14	0,1,0,0,0,0,1,0,0,0,1,1,0,1,2,0	0,6,6,3,8,10,0,7,1,29,11,0,0,16,26,20	370	269
312	4,14,6,32,18,18,16,4,12,10,48,96,2,18,13,10	0,1,0,3,0,2,0,0,0,0,2,2,0,0,0,1	7,4,16,18,46,16,20,12,27,15,109,21,1,23,17,46	1,0,2,0,0,1,0,0,0,1,4,0,0,1,0,0	327	269
313	0,0,0,0,0,0,0,0,0,0,0,0,0,0,0,0	0,1,6,0,0,0,0,0,0,0,0,0,2,0,8,2	0,0,0,0,0,0,0,0,0,0,0,0,0,0,1,0	0,0,0,0,0,4,0,0,0,4,0,0,0,0,3,0	538	269
314	0,2,1,1,5,14,45,4,0,8,13,5,1,20,4,16	0,0,0,0,2,2,8,4,0,8,5,3,0,10,2,9	2,3,3,0,7,16,59,2,14,35,16,2,0,19,5,8	0,4,0,4,1,3,5,0,2,20,5,5,0,6,2,6	343	269
315	0,0,3,1,2,1,0,0,3,5,0,0,0,9,0,8	0,4,1,1,4,1,0,0,0,14,0,0,0,8,0,24	1,0,1,0,0,5,0,2,0,1,0,0,1,10,0,10	6,0,0,1,0,1,0,3,6,0,0,1,0,20,1,7	393	269
317	1,0,0,0,0,19,0,0,0,0,0,0,0,1,2,2	0,0,0,0,0,2,1,0,0,0,0,0,0,0,0,0	0,0,0,0,0,10,3,0,2,0,0,0,0,5,5,0	2,0,0,0,0,0,0,0,0,0,0,0,2,0,0,0	341	269
318	0,0,0,0,0,0,0,0,0,0,0,0,0,0,0,0	0,0,0,0,2,1,0,0,0,5,1,13,0,0,0,3	0,0,0,0,0,0,0,0,0,0,0,1,0,0,0,0	0,0,0,0,5,2,0,3,2,7,1,3,0,24,0,3	538	269
320	2,5,4,3,6,28,14,3,1,15,22,27,0,18,13,8	16,14,4,12,72,92,73,80,11,55,249,371,12,179,115,76	1,3,1,4,14,11,8,10,3,20,17,7,0,15,5,27	21,10,10,27,100,87,67,100,10,45,252,222,14,94,104,98	376	269
330	0,0,0,1,0,0,1,0,0,0,0,2,0,1,1,0	0,0,0,0,0,0,0,0,0,0,1,0,0,0,0,0	0,0,1,0,0,0,0,0,0,0,1,0,0,0,0,0	0,0,0,0,0,0,0,0,0,0,2,0,0,0,0,0	538	269
331	0,1,12,2,1,4,0,0,0,0,3,0,0,1,0,0	0,0,0,0,0,1,0,0,0,6,0,1,0,3,0,1	0,2,1,2,4,1,2,0,3,3,0,1,0,2,0,0	0,2,2,0,0,2,0,0,1,0,2,0,0,1,0,1	538	269
336	3,2,1,4,19,29,6,7,7,62,28,86,1,54,41,63	0,1,0,0,3,5,0,1,0,0,4,5,0,1,0,1	2,3,4,3,33,30,5,23,14,37,26,45,5,40,31,101	0,1,0,0,2,0,0,1,0,0,7,1,0,10,0,3	538	269
337	0,0,0,0,0,0,0,0,0,0,0,0,0,0,0,0	0,0,0,0,0,0,1,0,0,0,0,0,0,0,0,0	0,0,0,0,0,0,3,0,0,0,0,0,0,0,0,0	0,0,0,0,0,0,0,0,0,0,0,0,0,0,0,0	538	269
343	0,48,88,0,0,26,2,0,2,0,0,1,0,7,4,0	0,0,2,0,0,0,0,0,0,0,0,0,0,0,0,0	0,48,90,0,0,16,0,0,0,0,0,0,0,2,0,2	0,1,0,0,0,0,0,0,0,0,0,0,0,0,0,0	403	269
356	0,0,0,0,0,0,0,0,0,0,3,2,0,0,0,0	0,0,0,0,13,0,0,3,1,0,39,6,0,2,0,5	0,0,0,0,0,0,0,0,0,1,3,0,0,0,0,0	0,1,1,0,5,0,3,2,3,21,39,1,0,3,3,1	538	269
359	0,0,0,0,0,0,6,0,0,0,17,1,0,0,0,1	0,0,0,0,0,0,0,0,0,0,5,0,0,0,0,0	0,0,3,0,3,0,3,0,0,0,18,3,0,0,0,0	0,0,0,0,0,0,1,0,0,0,8,0,0,0,0,0	538	269
360	0,0,0,0,0,0,2,0,0,0,6,1,0,0,0,0	0,0,0,0,0,0,12,0,0,0,84,0,0,0,0,0	0,0,3,0,0,0,2,0,0,0,8,3,0,0,0,0	0,0,0,0,5,0,16,0,0,0,82,0,0,0,0,3	538	269
384	0,0,0,0,0,0,0,0,0,1,0,1,0,0,0,0	0,0,0,0,0,0,0,0,0,0,0,0,0,0,0,0	0,0,0,0,0,0,0,0,0,2,0,1,0,0,0,0	0,0,0,0,0,0,0,0,0,3,0,0,0,0,0,0	336	269
385	0,0,0,0,0,0,0,0,0,1,0,3,0,0,0,0	0,0,0,0,0,0,0,0,0,0,0,0,0,0,0,0	0,0,0,0,0,0,0,0,0,4,0,1,0,0,0,0	0,0,0,0,0,0,0,0,0,0,0,1,0,0,0,0	343	269
386	1,0,0,1,0,3,0,0,0,0,1,1,0,0,6,1	0,2,0,0,0,2,0,0,0,0,0,2,0,1,3,0	0,0,1,0,0,4,0,0,0,0,0,1,2,0,0,0	0,0,0,0,0,3,0,0,0,0,0,0,0,0,3,0	367	269
387	17,19,27,22,8,123,0,2,17,34,12,28,4,39,130,56	1,0,0,0,3,5,2,2,0,0,0,0,0,0,3,1	6,8,31,41,19,128,4,2,22,46,2,1,12,35,96,66	0,2,1,5,0,2,0,0,2,2,0,0,0,1,4,4	349	269
389	0,2,0,1,0,0,1,0,1,1,1,4,0,0,1,1	22,46,49,71,54,36,43,30,36,89,75,55,3,107,14,100	0,6,1,1,1,2,1,0,0,7,1,0,0,1,0,2	7,48,66,63,80,37,20,36,38,36,97,43,3,96,27,112	340	269
392	0,0,0,0,0,3,9,0,0,0,0,8,0,0,0,0	0,0,1,1,2,0,40,1,8,0,6,18,1,6,13,8	0,0,0,0,0,0,0,0,0,0,2,0,0,0,0,1	0,0,0,1,5,0,22,4,5,4,14,7,0,8,7,7	538	269
393	7,15,12,22,47,178,10,27,7,96,94,363,0,80,18,90	0,0,2,1,1,3,0,2,2,1,8,4,0,0,2,0	0,16,17,7,153,151,3,43,0,92,146,194,1,206,16,194	0,0,0,2,4,6,0,0,0,0,2,6,0,8,0,6	352	269
395	2,6,2,2,36,7,5,18,2,38,24,35,0,24,5,13	0,2,2,2,27,23,6,20,8,29,52,73,0,41,4,24	2,0,2,0,20,13,2,20,0,15,50,21,0,21,17,39	3,6,7,10,39,25,5,30,2,32,75,37,0,40,11,38	495	269
399	16,17,28,11,21,10,7,5,22,47,23,19,2,28,1,39	151,273,495,301,811,431,221,256,750,1144,1311,698,23,1251,110,1002	15,21,22,17,7,8,7,3,31,37,21,21,0,19,3,25	175,379,367,475,462,295,179,243,1118,918,813,705,21,471,88,721	446	269
400	20,22,55,18,43,25,13,15,62,93,91,31,2,73,4,59	0,0,0,0,0,0,0,0,0,0,0,0,0,0,0,0	21,40,31,40,21,15,10,15,77,89,49,54,1,35,7,48	0,2,0,0,0,0,0,0,0,0,0,0,0,0,0,0	438	269
401	38,68,113,67,99,71,65,53,183,192,293,119,1,200,8,143	121,461,654,266,526,334,140,162,1054,839,649,472,16,883,73,850	49,139,77,93,67,59,21,34,247,178,133,102,3,78,16,82	173,630,520,600,244,253,102,122,1292,635,346,472,7,334,71,545	391	269
402	31,51,112,30,76,47,25,22,109,143,164,65,2,132,9,102	275,740,1047,559,943,528,301,292,1870,1356,1415,786,27,1477,119,1252	35,78,52,69,27,34,14,19,134,117,72,68,1,50,7,63	440,1031,706,1092,426,446,211,244,2041,1058,734,668,24,554,89,805	457	269
403	28,50,101,26,63,43,23,21,91,130,135,56,2,111,6,82	1,0,2,0,0,0,2,1,0,0,2,1,1,3,0,0	30,65,48,66,25,28,11,18,116,103,68,61,1,47,7,52	0,3,1,1,2,0,0,0,0,0,0,0,0,0,0,0	448	269
404	20,22,55,16,36,28,10,16,58,94,96,29,1,67,6,48	407,930,1740,715,1569,592,394,399,2397,2056,2094,984,45,2149,151,1804	25,37,29,37,21,13,6,15,85,81,43,51,1,30,6,42	582,1309,874,1354,566,461,293,321,2519,1387,977,772,42,737,134,968	538	269
405	32,63,80,39,60,28,14,16,122,107,124,35,2,93,8,60	387,875,1752,744,1488,574,375,369,2322,1897,1962,1046,54,1965,153,1644	62,73,50,71,29,24,12,14,148,98,55,56,3,40,6,55	607,1271,890,1319,508,473,294,303,2318,1252,854,761,47,646,139,844	455	269
415	0,0,1,0,0,0,2,0,1,0,0,0,0,2,0,0	388,507,444,863,848,663,397,693,908,575,1250,1281,156,1113,775,755	0,0,0,0,0,1,0,0,3,0,0,0,0,1,0,0	566,585,782,1006,697,618,339,575,830,378,962,1010,137,686,639,659	538	269
416	0,0,0,0,0,0,2,0,0,0,0,0,0,0,0,0	0,0,0,0,0,0,50,0,0,0,0,0,0,0,0,0	0,0,0,0,0,0,5,0,0,0,0,0,0,0,0,0	0,0,0,0,0,0,62,0,0,0,0,0,0,0,0,0	414	269
418	0,1,0,0,0,0,0,0,0,2,1,2,0,0,0,5	0,1,0,0,0,0,0,0,0,0,0,0,0,0,0,0	0,0,1,0,0,0,0,0,1,1,0,1,0,0,0,2	0,1,0,0,0,0,0,4,0,0,0,0,0,1,0,0	538	269
422	0,0,0,0,0,0,0,0,0,0,0,0,0,0,0,0	0,0,0,0,0,3,0,0,0,0,3,0,0,0,0,0	0,0,0,0,0,0,0,0,0,0,0,0,0,0,2,0	0,0,0,0,0,0,1,0,0,0,2,0,0,0,0,0	346	269
423	0,0,3,4,21,4,0,1,15,11,3,1,0,6,0,1	0,0,0,0,0,0,0,0,0,1,0,0,0,0,0,0	0,5,1,7,21,4,0,3,2,23,3,5,1,4,1,14	0,0,0,0,0,0,0,0,0,0,1,0,0,0,0,0	358	269
426	0,2,0,1,2,0,1,1,1,3,18,16,0,8,0,7	11,38,35,13,69,47,34,20,42,72,212,102,1,99,13,88	0,2,0,2,2,2,0,7,2,3,9,4,0,2,0,4	6,29,52,45,40,42,34,42,106,75,226,65,0,65,5,73	469	269
427	0,0,1,0,4,0,5,0,5,1,10,1,0,9,0,10	7,30,29,9,65,39,31,24,27,67,198,112,0,100,12,54	0,0,0,1,2,1,4,3,4,1,6,4,0,4,0,2	7,25,40,37,30,36,29,42,88,76,196,62,1,44,4,54	469	269
428	0,1,1,0,5,3,8,3,7,11,20,13,0,14,1,16	0,0,0,0,0,0,0,0,0,0,0,0,0,0,0,1	0,0,0,1,4,1,3,3,5,4,22,7,0,4,1,9	0,0,0,0,0,0,0,0,0,0,0,0,0,0,0,0	538	269
429	0,4,0,2,11,5,9,7,2,14,44,47,0,14,1,13	3,23,23,4,31,24,27,21,31,64,140,54,0,71,11,31	1,3,5,3,9,3,6,6,16,25,48,7,1,10,1,15	7,14,32,26,29,38,27,18,54,45,129,47,0,37,5,35	538	269
431	0,1,4,0,6,5,1,0,0,1,5,3,1,4,1,5	0,0,0,0,0,0,0,1,0,0,0,0,0,0,0,0	2,1,3,1,10,4,4,0,0,0,4,0,1,2,1,7	0,0,0,0,0,0,0,0,0,0,0,0,0,1,0,0	331	269
432	0,12,4,5,0,9,0,0,5,5,4,2,0,2,1,1	13,10,12,15,28,123,2,30,16,36,28,187,12,58,55,72	0,10,10,1,6,4,0,1,6,6,3,1,0,3,1,4	2,16,20,10,82,123,5,47,3,39,26,81,3,72,45,78	538	269
433	0,12,4,5,0,9,0,0,5,5,4,2,0,2,1,1	0,0,0,0,0,0,0,0,0,0,0,0,0,0,0,0	0,10,10,1,6,4,0,1,6,6,3,1,0,3,1,4	0,2,0,0,0,0,0,0,0,0,0,0,0,0,0,0	530	269
437	0,0,0,0,1,0,3,0,3,2,1,0,0,0,0,3	0,0,0,0,0,0,9,0,1,6,8,3,0,4,0,9	0,0,0,0,0,0,2,1,3,2,0,0,0,0,0,2	0,0,0,0,4,0,6,0,1,6,8,9,0,1,0,6	530	269
438	0,0,0,0,1,0,3,0,3,2,1,0,0,0,0,3	0,0,0,1,17,0,66,0,2,72,70,24,0,16,0,56	0,0,0,0,0,0,2,1,3,2,0,0,0,0,0,2	0,0,1,0,21,0,33,0,0,42,58,10,0,19,0,40	500	269
439	0,0,0,0,1,0,3,0,3,2,1,0,0,0,0,3	0,0,0,0,0,0,0,0,0,0,0,0,0,0,0,0	0,0,0,0,0,0,2,1,3,2,0,0,0,0,0,2	0,0,0,0,0,0,0,0,0,0,0,0,0,0,0,1	538	269
440	0,0,0,0,1,0,3,0,3,2,1,0,0,0,0,3	0,0,0,0,0,0,0,0,0,0,0,0,0,0,0,0	0,0,0,0,0,0,2,1,3,2,0,0,0,0,0,2	0,0,0,0,1,0,2,0,0,0,0,0,0,0,0,0	538	269
445	0,1,0,4,6,1,0,0,3,2,12,6,0,8,2,7	17,75,82,88,250,108,58,272,124,200,542,268,5,303,101,333	1,0,0,0,5,3,3,6,2,1,3,7,0,3,2,5	50,59,81,126,240,120,50,291,108,191,458,286,5,240,88,304	382	269
447	0,0,0,1,0,1,2,0,0,0,3,2,0,2,0,2	1,16,10,4,16,23,7,15,5,43,67,139,1,40,8,50	0,3,0,1,2,1,2,0,0,0,3,1,0,0,0,5	0,10,5,1,67,51,7,41,14,34,77,63,0,93,5,124	538	269
452	0,0,0,3,0,0,0,0,0,0,0,1,0,0,0,0	0,0,0,0,0,4,0,0,0,0,0,3,0,0,0,2	0,0,1,0,1,2,0,0,0,0,0,0,0,0,0,0	0,0,0,0,0,2,0,0,1,0,2,0,0,1,0,0	394	269
465	0,0,2,0,0,0,0,0,0,0,0,0,0,0,0,0	0,0,0,0,0,0,0,0,2,0,0,0,0,0,0,0	0,0,6,0,0,0,0,0,0,0,0,0,0,0,0,0	0,0,0,0,0,0,0,0,0,0,0,0,0,0,0,0	538	269
466	0,0,2,0,0,0,0,0,0,0,0,0,0,0,0,0	0,0,2,0,1,0,0,0,0,0,0,0,0,0,0,0	0,0,6,0,0,0,0,0,0,0,0,0,0,0,0,0	0,0,0,0,0,1,0,0,0,0,0,0,0,0,0,0	538	269
480	0,0,0,0,5,0,0,3,0,4,6,3,0,4,0,2	1,3,3,5,157,40,4,209,23,76,246,296,2,259,49,132	0,0,0,0,2,3,0,1,0,2,2,0,0,1,0,4	1,5,1,3,213,53,8,242,16,65,325,113,0,190,51,138	538	269
482	1,2,3,3,2,0,0,0,0,0,4,4,0,3,0,1	0,3,0,0,0,0,0,0,0,1,1,4,1,1,0,1	0,0,1,0,3,2,0,1,2,2,2,0,0,1,0,9	0,0,1,0,1,4,0,1,0,1,6,0,0,3,0,12	385	269
488	0,1,0,2,0,0,1,0,0,0,0,0,0,0,0,0	29,37,96,28,6,4,13,0,29,12,4,8,11,6,6,3	1,0,0,0,0,0,0,0,0,0,0,0,0,0,0,0	95,65,70,13,0,9,10,0,13,2,3,0,13,4,6,5	538	269
497	0,0,0,0,0,0,0,0,0,0,0,0,0,0,0,0	0,0,0,0,0,0,0,0,0,0,0,0,0,0,0,1	0,0,0,0,0,0,0,0,0,1,0,0,0,0,0,0	0,0,0,0,0,0,0,0,0,0,0,0,0,0,0,0	538	269
502	0,4,0,0,5,14,2,3,0,6,28,6,0,12,3,16	1,2,0,3,24,19,5,7,8,34,68,36,0,34,9,36	1,1,2,2,16,6,2,7,3,13,16,2,0,11,3,9	1,8,3,2,30,8,11,20,2,22,46,16,1,13,7,16	355	269
507	0,0,0,1,3,0,1,0,3,1,0,0,0,2,0,2	0,0,0,0,2,0,4,0,4,25,3,1,0,5,0,19	0,0,0,0,0,0,1,0,2,2,1,0,0,0,0,1	1,0,0,0,3,1,3,0,7,9,2,0,0,2,0,18	367	269
508	3,10,11,7,6,7,2,0,17,16,8,3,0,14,1,12	35,102,143,183,321,169,33,213,367,459,403,271,4,541,41,517	2,15,12,9,6,13,0,1,18,22,8,5,0,9,0,16	105,215,212,254,275,166,42,240,307,379,415,237,2,325,54,510	343	269
509	0,0,0,0,0,0,30,1,0,0,3,1,0,0,0,0	1,0,9,1,33,50,5049,41,0,24,864,139,3,36,26,67	0,0,0,0,1,0,55,1,0,0,1,1,0,0,0,0	0,3,1,1,95,48,5079,61,3,34,889,69,1,62,27,72	538	269
510	0,1,0,1,0,2,1,2,1,0,9,5,0,1,2,1	1,6,14,2,30,14,1,25,12,21,57,74,1,37,20,18	0,1,0,1,2,4,0,2,0,3,3,4,1,2,1,8	0,5,5,3,56,20,4,17,8,13,39,42,0,40,21,51	344	269
511	0,0,0,0,0,0,0,0,0,4,0,0,0,0,0,3	0,0,0,0,2,5,0,1,3,2,14,20,0,12,2,5	0,0,0,0,1,0,1,0,0,5,0,0,0,2,0,0	0,0,0,0,5,1,0,2,1,2,3,6,1,13,0,13	538	269
512	2,27,15,25,153,119,37,63,15,258,351,202,4,266,70,270	0,0,1,0,18,3,1,12,0,8,36,19,0,18,5,13	3,38,64,24,157,132,25,114,38,177,369,170,2,154,48,353	0,3,1,3,7,3,0,15,0,21,33,7,0,9,0,15	397	269
513	0,0,0,6,3,7,0,1,1,0,1,3,0,0,2,0	0,0,0,1,0,0,0,0,0,0,1,5,0,0,0,0	0,0,0,6,0,0,0,0,4,0,0,2,1,1,5,0	0,0,0,2,0,0,0,0,0,0,0,0,0,0,0,0	436	269
518	7,61,76,29,56,24,20,30,98,117,119,45,5,91,12,126	33,188,183,130,190,102,79,135,360,318,469,161,5,332,73,351	52,88,78,57,65,33,10,43,103,159,81,21,1,88,13,128	169,319,259,225,204,74,76,154,213,210,436,131,11,256,77,346	478	269
520	1,14,1,12,3,7,1,5,7,1,42,2,1,17,1,15	57,214,310,274,163,242,77,142,572,185,324,243,17,313,119,230	4,10,15,3,2,8,6,1,4,8,8,2,0,5,4,7	238,210,257,464,151,213,48,154,521,211,323,189,23,178,110,324	538	269
521	1,5,5,11,3,4,5,3,19,8,16,3,1,7,3,14	4,2,5,0,0,0,3,1,0,0,0,0,0,0,0,0	15,4,14,13,3,9,2,8,17,9,16,7,0,9,2,14	2,7,4,0,0,11,1,0,0,0,1,0,1,0,1,0	538	269
528	6,6,1,5,3,39,6,0,2,28,5,27,1,11,5,13	12,11,8,13,54,105,42,33,16,40,205,252,5,60,44,97	0,11,4,9,9,22,2,4,5,21,15,1,1,15,4,9	0,13,7,4,114,96,36,57,9,47,240,84,3,106,19,156	538	269
531	0,0,0,0,2,0,0,4,1,0,9,22,0,1,0,4	0,0,0,0,0,0,0,0,0,3,0,2,0,2,0,0	0,1,0,4,4,0,1,4,1,2,13,24,0,6,0,13	0,0,0,0,1,0,0,0,0,0,1,3,0,4,0,0	470	269
533	4,6,8,21,26,18,1,16,16,21,16,52,3,47,24,18	0,0,0,4,0,0,0,0,0,0,0,2,0,1,0,0	0,3,4,24,34,20,0,39,14,4,6,42,1,24,17,37	0,0,0,0,2,0,0,0,0,0,0,1,0,1,0,1	388	269
535	0,0,0,0,0,0,1,0,0,0,1,1,0,0,0,0	2,22,18,11,28,6,19,21,23,33,70,134,0,27,20,44	0,0,0,0,0,1,0,0,0,0,1,0,0,0,0,0	2,14,17,10,54,12,18,31,31,52,99,91,3,57,14,41	538	269
536	0,0,0,0,0,0,0,0,0,0,0,0,0,0,0,0	18,45,35,37,72,49,559,31,49,92,508,136,2,92,26,160	0,0,0,0,0,0,2,0,0,0,0,0,0,0,0,0	6,54,37,19,89,61,477,43,73,141,578,60,3,117,21,194	538	269
537	0,0,0,1,1,3,2,0,0,0,2,1,0,0,0,2	17,39,29,22,83,160,53,96,12,214,279,306,11,188,106,311	0,0,0,0,1,1,0,1,0,1,0,3,0,0,2,0	1,15,26,31,195,172,68,87,44,153,283,205,6,204,75,346	538	269
538	0,0,0,7,0,6,0,0,0,0,0,0,0,0,0,0	0,0,0,0,0,0,0,0,0,0,0,0,0,0,0,0	1,0,0,2,0,5,0,0,3,0,0,0,0,0,0,0	0,0,0,0,0,4,0,0,0,0,0,0,0,0,0,0	344	269
539	1,4,7,12,11,47,13,17,4,5,23,102,2,16,9,9	4,1,0,2,5,12,2,8,18,0,13,17,0,14,5,7	4,3,9,10,12,45,3,11,11,4,10,24,0,5,14,6	2,5,5,9,4,9,0,4,3,0,9,1,0,3,8,1	538	269
541	0,4,5,0,2,7,4,1,3,7,8,0,0,3,2,4	0,0,0,0,0,1,0,0,0,0,0,0,0,0,0,0	3,4,6,1,1,0,1,1,1,2,7,1,0,5,0,2	0,0,0,0,0,0,0,0,0,0,0,0,0,0,0,0	538	269
544	0,6,0,4,3,0,0,1,1,0,5,12,0,1,0,1	1,6,0,5,1,0,1,2,3,0,3,1,0,3,3,1	0,6,4,1,1,0,1,3,2,5,5,3,0,2,0,2	0,0,2,2,4,1,0,7,7,5,3,5,0,1,8,4	538	269
545	0,6,0,4,3,1,0,1,1,2,5,16,0,1,0,1	0,0,1,0,0,1,3,0,9,0,8,2,0,5,0,0	0,6,4,1,1,1,1,4,2,8,7,3,0,2,0,2	0,0,0,3,1,1,2,3,0,1,6,2,0,4,2,2	538	269
546	0,6,0,4,3,1,0,1,1,2,5,16,0,1,0,1	6,28,23,18,12,8,22,20,60,4,36,53,0,42,21,23	0,6,4,1,1,1,1,4,2,8,7,3,0,2,0,2	4,27,28,41,17,21,11,8,61,3,24,19,1,18,17,18	538	269
550	0,1,0,0,3,1,0,0,1,6,0,0,0,5,0,2	0,0,0,0,4,1,0,0,0,0,0,0,0,0,0,3	0,0,0,1,0,1,0,0,0,3,1,1,0,3,0,0	0,0,0,0,0,2,1,2,0,0,0,0,0,2,0,0	538	269
552	99,17,40,190,257,727,54,518,62,382,360,678,177,545,926,483	0,0,0,0,0,0,0,2,0,0,0,0,0,0,0,0	7,4,14,71,351,509,72,365,42,236,255,320,181,539,745,579	0,0,0,0,0,0,0,0,0,0,0,0,0,0,0,0	294	269
553	0,0,0,0,0,0,0,0,0,0,0,0,0,0,2,0	0,2,1,5,4,19,0,1,0,0,4,12,1,6,12,5	0,0,0,0,0,0,0,0,1,3,0,0,0,0,0,0	2,1,4,1,4,11,5,4,4,33,2,1,1,6,9,13	442	269
561	0,0,0,0,2,1,0,0,2,7,8,3,0,4,0,8	0,0,0,0,3,0,0,0,0,1,6,0,0,7,0,25	0,0,0,2,3,1,0,0,3,5,2,0,0,1,0,9	0,0,0,0,4,0,0,1,0,3,5,0,0,10,0,26	360	269
566	2,0,1,0,0,0,0,0,2,1,4,0,0,1,1,1	0,0,0,0,0,0,0,0,0,1,0,0,0,0,0,0	0,0,4,0,2,0,0,0,1,0,0,0,0,1,1,3	1,0,0,0,0,0,0,0,0,0,0,0,0,0,0,1	538	269
570	0,0,1,0,0,0,0,0,2,0,1,0,0,4,1,0	0,3,2,0,6,1,1,6,1,10,11,9,0,18,4,21	0,2,0,0,0,0,0,1,0,4,0,0,0,1,1,0	0,3,1,2,7,4,0,10,7,9,5,1,0,26,3,16	349	269
571	0,0,0,0,0,0,0,0,2,0,0,0,0,0,0,0	0,0,0,0,1,8,0,2,0,43,0,1,0,1,0,2	0,0,0,0,0,0,0,0,0,0,0,0,0,0,0,0	0,0,0,0,1,3,0,0,0,25,1,1,0,6,0,8	338	269
572	1,0,0,0,0,0,0,0,0,0,0,0,0,0,0,0	9,33,19,24,35,24,2,25,29,34,32,40,2,54,5,41	0,1,0,0,0,0,0,0,0,0,0,0,0,0,0,0	77,50,35,20,14,16,4,8,43,15,6,26,6,12,2,10	538	269
576	1,0,3,1,0,2,0,0,0,0,0,2,0,2,3,2	1,1,0,0,0,11,4,0,0,16,0,0,0,1,9,12	1,1,0,0,0,5,0,0,0,3,0,0,0,1,1,6	0,1,3,0,3,7,0,0,0,31,3,2,0,8,14,22	388	269
579	0,0,0,0,0,1,0,0,6,0,0,2,7,0,11,2	0,0,0,1,0,0,0,0,1,0,0,0,6,1,6,0	0,0,0,1,0,1,0,2,0,0,0,0,0,0,13,0	1,0,0,0,0,0,0,0,0,0,0,1,1,1,4,3	387	269
580	0,0,0,0,0,1,0,0,6,0,0,2,8,0,11,2	14,7,16,60,22,116,6,41,29,20,0,148,358,128,604,42	0,0,0,0,0,1,0,2,0,0,0,0,0,0,14,0	3,8,10,56,64,94,4,82,41,5,0,74,323,160,502,69	429	269
581	0,0,0,1,0,0,0,0,0,0,0,0,0,0,0,0	0,0,0,0,0,0,0,0,0,2,1,12,0,0,0,0	0,0,0,0,0,0,0,0,0,0,0,0,0,0,0,0	0,2,0,0,5,0,1,3,1,0,1,4,0,3,0,1	538	269
584	0,0,2,1,0,2,0,0,0,0,0,0,0,1,0,1	3,3,2,0,1,3,0,0,0,0,0,0,0,0,0,3	0,2,6,0,0,0,0,0,0,0,0,0,0,0,0,0	1,0,5,0,1,1,0,0,3,0,0,2,0,0,0,1	343	269
587	0,0,0,0,0,0,0,0,0,0,0,0,0,0,0,0	7,11,17,24,21,133,7,11,18,42,45,44,0,24,66,37	0,0,0,0,0,3,1,0,0,0,0,0,0,0,0,0	4,2,28,25,48,106,6,19,22,12,54,17,1,40,52,32	538	269
588	4,1,2,4,4,5,0,0,0,0,14,5,1,2,5,6	508,727,378,1175,276,1057,38,207,673,623,236,415,162,598,843,657	4,2,2,0,4,1,1,3,0,2,7,2,3,4,7,3	86,750,543,1203,327,942,34,237,620,428,204,202,197,490,778,666	439	269
591	0,0,0,0,5,9,2,1,0,20,13,43,0,5,0,16	0,0,0,0,0,0,0,0,0,1,1,3,0,0,0,0	1,0,0,0,16,2,4,6,0,34,17,17,0,32,1,40	0,0,0,0,4,0,0,0,0,1,0,0,0,0,0,2	340	269
598	2,11,12,26,0,8,0,0,0,6,21,7,0,4,0,2	0,0,6,8,0,0,0,0,0,0,2,0,0,0,0,0	0,0,13,14,1,20,5,1,3,3,29,3,3,8,5,2	0,0,2,1,0,1,0,0,4,0,1,0,0,1,0,0	352	269
607	0,0,0,0,0,0,0,0,0,2,4,0,1,0,0,0	0,1,1,3,7,6,22,1,2,31,34,21,4,5,13,27	0,0,0,0,0,0,0,0,0,0,0,0,0,0,0,0	0,1,1,1,11,6,39,2,4,10,40,2,3,9,20,19	538	269
615	1,0,0,0,2,0,2,1,0,6,1,0,0,1,1,1	0,0,0,0,0,0,0,0,0,0,1,0,0,0,0,0	0,0,0,0,2,2,0,1,0,5,0,3,0,3,1,2	0,0,0,0,0,0,0,0,0,0,0,0,0,0,0,0	538	269
627	0,0,2,5,0,1,1,2,14,0,0,6,4,1,7,0	0,0,0,0,0,0,0,0,0,0,0,0,0,2,1,0	0,0,1,5,2,2,0,0,23,0,0,6,4,1,2,0	0,0,0,0,2,0,0,0,0,0,0,0,1,0,0,0	538	269
628	0,0,0,4,0,7,0,1,1,0,0,0,0,1,2,1	0,0,0,11,0,30,0,2,17,0,0,1,0,5,1,0	0,0,2,1,0,15,0,0,0,6,0,0,0,0,3,1	0,0,2,9,1,22,1,4,0,3,0,1,0,2,2,2	526	269
630	0,2,4,0,4,2,0,0,2,1,1,0,0,3,2,1	0,6,7,2,1,4,0,1,4,8,5,0,0,6,0,8	0,1,1,0,0,0,0,1,0,0,0,2,0,0,0,0	1,3,17,0,3,5,0,0,0,2,3,2,0,3,8,11	538	269
631	0,0,0,0,0,0,0,0,2,0,0,0,0,0,0,0	0,0,3,1,1,2,0,0,6,2,0,3,0,6,0,3	0,0,0,0,0,0,0,0,0,0,0,0,0,0,0,0	1,1,6,3,2,0,0,1,0,0,0,0,0,1,0,2	538	269
634	0,0,0,0,0,0,1,0,0,0,0,0,0,0,0,0	0,1,0,2,0,1,10,0,0,0,0,2,1,1,5,0	0,0,0,0,0,0,1,0,0,0,0,0,0,0,0,0	0,0,0,1,1,2,20,0,0,0,1,2,0,3,0,1	526	269
635	0,1,0,0,0,1,0,0,0,0,0,0,8,0,24,0	0,1,4,0,0,1,0,0,0,0,0,0,11,0,11,0	0,1,0,0,0,0,0,0,0,0,0,0,15,0,10,0	0,0,0,0,0,2,0,0,0,0,0,0,7,0,6,0	538	269
636	0,0,0,0,0,0,0,0,0,5,0,2,0,2,0,3	1,1,4,0,7,14,0,2,2,22,9,5,0,8,7,12	0,1,0,0,4,0,0,0,0,11,0,0,0,3,1,7	0,1,5,8,9,14,0,8,9,25,9,1,0,12,3,34	538	269
640	0,0,0,0,0,0,0,0,0,3,0,1,0,0,2,1	0,2,2,1,17,27,1,13,2,72,12,57,1,41,10,95	0,0,0,0,1,0,1,1,0,0,1,0,0,1,0,2	0,2,0,4,18,31,2,13,0,46,13,24,0,50,21,143	340	269
642	0,0,0,0,1,0,0,0,0,0,3,0,0,0,0,0	0,0,5,0,3,0,0,0,3,1,4,5,0,2,1,2	0,0,1,0,0,0,0,0,0,0,0,0,0,1,0,0	0,0,0,0,6,2,0,2,0,1,7,1,0,6,3,2	538	269
645	0,0,0,0,0,0,0,0,0,0,0,0,0,0,0,0	0,0,0,0,0,0,0,0,0,0,0,2,0,0,0,0	0,0,0,0,0,0,0,0,0,0,0,0,0,1,0,0	0,0,0,0,0,0,0,0,0,0,0,0,0,1,0,0	373	269
650	0,2,1,0,3,0,1,3,3,1,7,3,0,1,2,4	37,134,100,71,272,109,53,189,105,162,567,506,9,310,78,181	0,3,1,1,3,1,1,2,2,0,4,6,1,1,3,2	12,109,96,99,276,115,45,236,111,72,598,281,11,266,67,200	356	269
654	0,0,0,0,0,0,0,0,0,0,0,0,0,0,0,0	0,0,0,0,0,1,0,0,0,0,0,3,0,0,0,0	0,0,0,0,1,0,0,0,0,0,0,0,0,0,0,0	0,0,0,0,0,1,1,0,0,1,0,0,0,1,0,0	373	269
655	0,0,0,0,0,0,0,0,0,0,0,0,0,0,0,0	0,0,0,0,3,3,0,2,0,9,4,0,0,3,7,10	0,0,0,0,1,0,0,0,0,0,0,0,0,0,0,0	0,0,0,1,1,3,0,4,0,0,3,0,1,8,3,5	479	269
656	2,0,0,0,0,0,0,0,0,0,1,0,0,0,0,0	722,1190,1597,947,1741,685,558,1706,2919,1302,3121,1581,264,1959,697,1434	0,0,0,1,0,0,0,0,0,0,0,0,0,0,0,0	1536,1480,1424,1717,835,630,512,854,1772,751,2133,1104,277,852,719,941	388	269
658	0,3,1,0,7,2,1,12,6,1,10,4,0,2,3,6	2,0,2,0,5,2,1,3,8,23,15,5,0,7,0,1	0,0,4,6,5,1,2,6,1,6,11,7,0,4,1,1	1,2,3,0,5,2,0,4,0,2,15,10,0,4,2,1	380	269
659	0,3,1,0,7,2,1,12,6,1,10,4,0,2,3,6	52,117,123,111,279,80,211,252,412,168,591,330,4,495,105,315	0,0,4,6,5,1,2,6,0,6,11,7,0,4,1,1	73,169,152,179,279,94,145,187,274,156,648,279,9,278,79,229	369	269
660	0,0,0,0,0,0,0,0,0,0,0,0,0,0,0,0	0,0,0,0,0,0,0,0,0,0,2,0,0,1,0,0	0,0,1,0,0,0,0,0,0,0,0,0,0,0,0,0	0,0,0,0,3,0,0,0,0,0,0,0,0,0,0,0	360	269
664	0,0,0,0,0,1,24,0,0,1,0,1,0,6,5,5	1,0,0,0,0,1,13,0,0,0,0,5,0,4,11,5	0,0,0,0,0,2,12,0,1,4,1,0,0,5,3,8	0,0,0,2,0,1,18,0,0,0,2,2,0,6,5,2	538	269
666	0,1,1,7,5,2,0,1,1,3,7,18,0,1,2,7	2,0,0,2,9,3,0,2,0,14,9,14,4,13,6,13	3,0,0,2,11,2,0,2,0,0,11,9,0,13,2,9	3,1,1,1,4,11,1,3,0,5,4,4,0,22,2,14	538	269
669	3,2,5,2,4,8,6,2,9,4,6,2,0,5,7,6	733,738,994,741,881,352,391,906,2340,558,1203,470,188,908,734,634	2,10,4,7,3,5,1,5,6,4,11,1,1,2,4,9	1238,979,1047,1432,416,295,316,551,1284,342,928,398,225,373,697,359	538	269
672	0,0,0,0,0,0,0,2,0,0,0,0,0,0,0,0	2,1,0,4,3,0,0,1,11,35,3,3,0,11,1,18	0,0,0,0,0,0,0,0,0,6,0,0,0,0,0,0	1,1,2,0,3,2,0,1,26,12,4,1,0,8,2,6	490	269
673	3,6,0,8,19,0,0,10,14,172,27,21,0,49,0,86	0,0,0,0,0,0,0,2,2,0,0,0,0,0,0,3	1,4,4,5,16,6,3,11,59,90,14,7,1,39,9,83	0,0,0,0,0,0,0,0,0,0,0,0,0,0,0,0	367	269
