ID	IJC_SAMPLE_1	SJC_SAMPLE_1	IJC_SAMPLE_2	SJC_SAMPLE_2	IncFormLen	SkipFormLen	IncLevel1	IncLevel2	IncLevelDifference
0	0,0,0,1,0,0,0,0,0,0,0,0,0,0,0,0	0,1,0,1,0,0,0,0,0,0,0,0,0,0,0,0	0,0,0,0,0,0,0,0,0,0,0,0,0,0,0,0	1,0,0,0,0,0,0,0,0,0,0,0,0,0,0,1	395	269	NA,0.0,NA,0.405,NA,NA,NA,NA,NA,NA,NA,NA,NA,NA,NA,NA	0.0,NA,NA,NA,NA,NA,NA,NA,NA,NA,NA,NA,NA,NA,NA,0.0	0.203
4	0,0,0,0,0,5,0,1,0,0,2,9,0,0,0,2	0,1,0,0,0,1,0,0,1,0,0,5,0,0,0,1	0,0,0,0,1,1,0,0,0,1,1,2,0,1,0,2	0,0,0,0,2,0,0,0,0,0,0,2,0,0,0,0	374	269	NA,0.0,NA,NA,NA,0.782,NA,1.0,0.0,NA,1.0,0.564,NA,NA,NA,0.59	NA,NA,NA,NA,0.265,1.0,NA,NA,NA,1.0,1.0,0.418,NA,1.0,NA,1.0	-0.25
5	0,0,0,0,0,0,1,0,0,0,0,0,0,0,0,0	0,2,4,0,0,2,18,0,0,1,11,0,0,0,0,0	0,0,0,0,0,0,2,0,0,0,0,0,0,0,0,0	0,0,1,0,1,1,21,0,0,1,13,0,0,3,0,3	2214	269	NA,0.0,0.0,NA,NA,0.0,0.007,NA,NA,0.0,0.0,NA,NA,NA,NA,NA	NA,NA,0.0,NA,0.0,0.0,0.011,NA,NA,0.0,0.0,NA,NA,0.0,NA,0.0	-0.0
6	0,0,0,0,1,2,0,1,2,1,1,1,0,4,5,8	0,7,7,3,22,0,3,10,22,18,13,23,2,37,21,32	0,0,0,0,4,1,0,3,2,6,2,2,0,6,7,10	2,5,19,7,10,3,3,17,50,15,2,3,2,27,20,32	1380	269	NA,0.0,0.0,0.0,0.009,1.0,0.0,0.019,0.017,0.011,0.015,0.008,0.0,0.021,0.044,0.046	0.0,0.0,0.0,0.0,0.072,0.061,0.0,0.033,0.008,0.072,0.163,0.115,0.0,0.042,0.064,0.057	0.036
11	0,0,1,1,0,1,0,0,0,0,1,0,0,0,0,0	0,8,9,9,15,8,5,7,7,17,9,38,0,60,10,3	2,1,1,0,0,0,0,0,0,1,1,0,0,1,0,0	1,9,6,14,15,8,2,3,9,6,14,16,0,33,8,7	398	269	NA,0.0,0.07,0.07,0.0,0.078,0.0,0.0,0.0,0.0,0.07,0.0,NA,0.0,0.0,0.0	0.575,0.07,0.101,0.0,0.0,0.0,0.0,0.0,0.0,0.101,0.046,0.0,NA,0.02,0.0,0.0	-0.04
20	0,0,0,0,0,0,0,0,0,0,1,0,0,0,0,1	215,977,1196,483,842,347,324,697,1506,672,1728,658,72,1059,315,834	0,0,0,0,0,0,0,0,0,0,0,0,0,0,0,0	632,1055,1089,740,575,297,271,571,790,471,1524,490,59,574,338,527	767	269	0.0,0.0,0.0,0.0,0.0,0.0,0.0,0.0,0.0,0.0,0.0,0.0,0.0,0.0,0.0,0.0	0.0,0.0,0.0,0.0,0.0,0.0,0.0,0.0,0.0,0.0,0.0,0.0,0.0,0.0,0.0,0.0	0.0
21	0,0,0,0,0,0,0,0,0,0,0,0,0,0,1,0	0,0,0,35,7,18,3,6,13,0,3,19,28,1,280,0	0,0,0,0,0,0,0,0,0,0,0,0,0,0,0,0	1,0,0,54,4,13,8,24,7,0,1,7,19,4,195,1	638	269	NA,NA,NA,0.0,0.0,0.0,0.0,0.0,0.0,NA,0.0,0.0,0.0,0.0,0.002,NA	0.0,NA,NA,0.0,0.0,0.0,0.0,0.0,0.0,NA,0.0,0.0,0.0,0.0,0.0,0.0	0.0
23	0,3,5,85,15,95,3,8,16,0,0,9,0,22,18,1	0,0,0,1,0,1,0,0,0,0,0,0,0,0,0,0	3,2,11,108,11,69,4,19,40,0,0,6,0,5,21,3	0,0,0,2,0,0,0,0,0,0,0,0,0,0,0,0	403	269	NA,1.0,1.0,0.983,1.0,0.984,1.0,1.0,1.0,NA,NA,1.0,NA,1.0,1.0,1.0	1.0,1.0,1.0,0.973,1.0,1.0,1.0,1.0,1.0,NA,NA,1.0,NA,1.0,1.0,1.0	-0.001
24	0,1,0,1,0,1,0,0,0,0,2,2,0,0,0,0	0,3,2,0,0,4,0,3,1,0,1,0,0,0,4,0	0,0,6,0,0,1,0,0,0,0,2,0,0,1,0,0	2,3,4,6,3,4,0,1,5,0,9,0,0,2,0,0	437	269	NA,0.17,0.0,1.0,NA,0.133,NA,0.0,0.0,NA,0.552,1.0,NA,NA,0.0,NA	0.0,0.0,0.48,0.0,0.0,0.133,NA,0.0,0.0,NA,0.12,NA,NA,0.235,NA,NA	0.22
27	0,1,1,0,2,2,0,3,1,3,2,7,0,3,0,4	0,1,0,0,0,0,0,0,1,0,3,3,0,0,0,0	0,0,0,1,8,0,0,0,2,2,2,0,0,0,0,2	0,0,0,0,0,0,0,0,0,0,2,3,0,0,0,0	727	269	NA,0.27,1.0,NA,1.0,1.0,NA,1.0,0.27,1.0,0.198,0.463,NA,1.0,NA,1.0	NA,NA,NA,1.0,1.0,NA,NA,NA,1.0,1.0,0.27,0.0,NA,NA,NA,1.0	-0.007
29	0,0,0,0,0,0,0,0,0,0,1,0,0,0,0,0	5,8,6,1,12,14,2,8,12,7,45,13,0,25,1,12	0,0,0,0,0,0,0,0,0,0,0,0,0,0,0,0	3,7,6,11,7,6,2,11,56,22,38,19,0,16,4,9	1306	269	0.0,0.0,0.0,0.0,0.0,0.0,0.0,0.0,0.0,0.0,0.005,0.0,NA,0.0,0.0,0.0	0.0,0.0,0.0,0.0,0.0,0.0,0.0,0.0,0.0,0.0,0.0,0.0,NA,0.0,0.0,0.0	0.0
30	0,0,0,0,0,1,0,0,0,0,8,2,0,2,0,0	0,0,0,0,0,0,0,0,0,0,1,0,0,4,1,0	0,0,0,0,1,0,0,0,5,0,5,1,0,1,1,0	0,0,0,0,0,0,0,0,6,0,1,0,0,0,0,0	458	269	NA,NA,NA,NA,NA,1.0,NA,NA,NA,NA,0.825,1.0,NA,0.227,0.0,NA	NA,NA,NA,NA,1.0,NA,NA,NA,0.329,NA,0.746,1.0,NA,1.0,1.0,NA	-0.235
31	0,0,0,0,0,1,0,0,0,0,8,2,0,2,0,0	5,11,3,4,17,7,4,10,10,4,51,10,0,26,5,15	0,0,0,0,1,0,0,0,5,0,5,1,0,1,1,0	3,7,3,11,8,7,5,10,29,32,31,22,0,15,1,9	479	269	0.0,0.0,0.0,0.0,0.0,0.074,0.0,0.0,0.0,0.0,0.081,0.101,NA,0.041,0.0,0.0	0.0,0.0,0.0,0.0,0.066,0.0,0.0,0.0,0.088,0.0,0.083,0.025,NA,0.036,0.36,0.0	-0.024
32	0,0,0,0,0,0,0,0,0,0,0,0,0,1,0,0	14,198,142,92,70,81,1,58,156,131,48,116,0,195,48,277	0,0,2,0,3,1,0,1,1,1,0,0,0,1,1,0	17,188,337,114,113,72,4,71,130,127,34,85,3,152,23,276	570	269	0.0,0.0,0.0,0.0,0.0,0.0,0.0,0.0,0.0,0.0,0.0,0.0,NA,0.002,0.0,0.0	0.0,0.0,0.003,0.0,0.012,0.007,0.0,0.007,0.004,0.004,0.0,0.0,0.0,0.003,0.02,0.0	-0.004
33	0,0,0,0,0,0,0,0,0,0,0,0,0,0,0,0	0,0,1,0,2,0,0,6,2,16,11,4,0,12,0,6	0,0,1,0,0,0,0,0,0,0,3,0,0,1,0,0	0,0,5,1,4,0,1,0,8,6,7,1,0,2,0,8	2100	269	NA,NA,0.0,NA,0.0,NA,NA,0.0,0.0,0.0,0.0,0.0,NA,0.0,NA,0.0	NA,NA,0.025,0.0,0.0,NA,0.0,NA,0.0,0.0,0.052,0.0,NA,0.06,NA,0.0	-0.014
40	0,0,0,0,0,0,0,0,2,0,0,0,0,0,0,3	0,0,0,0,0,1,0,0,0,0,0,0,0,0,0,2	0,0,0,0,0,0,0,0,0,0,0,0,0,0,1,0	0,0,0,0,1,1,0,0,0,2,0,0,0,0,0,1	338	269	NA,NA,NA,NA,NA,0.0,NA,NA,1.0,NA,NA,NA,NA,NA,NA,0.544	NA,NA,NA,NA,0.0,0.0,NA,NA,NA,0.0,NA,NA,NA,NA,1.0,0.0	0.315
41	0,0,0,0,0,1,0,0,0,0,0,0,0,0,0,0	0,0,0,0,0,3,0,0,0,1,0,0,0,0,0,0	0,0,0,0,0,0,0,0,0,2,1,0,0,0,0,0	0,0,2,0,0,0,0,1,0,3,0,0,0,0,0,3	344	269	NA,NA,NA,NA,NA,0.207,NA,NA,NA,0.0,NA,NA,NA,NA,NA,NA	NA,NA,0.0,NA,NA,NA,NA,0.0,NA,0.343,1.0,NA,NA,NA,NA,0.0	-0.165
48	0,2,0,0,3,1,8,1,7,4,11,5,0,5,1,7	1,0,1,1,8,0,1,10,4,10,28,0,0,6,0,18	7,1,4,1,4,6,7,3,13,1,7,0,0,2,5,6	1,3,0,3,13,2,7,19,19,18,12,0,0,13,3,11	374	269	0.0,1.0,0.0,0.0,0.212,1.0,0.852,0.067,0.557,0.223,0.22,1.0,NA,0.375,1.0,0.219	0.834,0.193,1.0,0.193,0.181,0.683,0.418,0.102,0.33,0.038,0.296,NA,NA,0.1,0.545,0.282	0.077
49	12,15,12,26,4,46,1,11,8,13,26,164,2,4,13,32	0,1,0,0,0,0,0,0,0,0,0,6,1,0,2,0	3,11,11,11,50,37,0,25,34,25,25,32,3,42,14,46	0,0,0,0,2,1,0,1,0,1,0,6,0,1,2,1	341	269	1.0,0.922,1.0,1.0,1.0,1.0,1.0,1.0,1.0,1.0,1.0,0.956,0.612,1.0,0.837,1.0	1.0,1.0,1.0,1.0,0.952,0.967,NA,0.952,1.0,0.952,1.0,0.808,1.0,0.971,0.847,0.973	-0.004
50	0,0,0,0,0,0,0,0,0,0,0,0,0,0,0,1	0,0,0,0,0,0,0,0,0,0,0,0,0,0,1,0	0,0,0,0,0,0,0,0,0,0,0,1,0,0,0,0	0,0,0,0,0,0,0,0,0,0,0,0,0,0,0,0	1231	269	NA,NA,NA,NA,NA,NA,NA,NA,NA,NA,NA,NA,NA,NA,0.0,1.0	NA,NA,NA,NA,NA,NA,NA,NA,NA,NA,NA,1.0,NA,NA,NA,NA	-0.5
53	0,0,0,0,0,0,1,0,0,0,0,0,0,0,0,0	0,0,0,0,0,0,0,0,0,0,0,0,0,0,0,0	0,0,0,0,0,0,2,0,0,0,4,0,0,0,0,0	0,0,0,0,0,0,2,0,0,0,0,0,0,0,0,0	412	269	NA,NA,NA,NA,NA,NA,1.0,NA,NA,NA,NA,NA,NA,NA,NA,NA	NA,NA,NA,NA,NA,NA,0.395,NA,NA,NA,1.0,NA,NA,NA,NA,NA	0.302
54	0,0,0,0,0,0,0,0,1,1,0,0,0,0,2,0	0,0,0,0,0,0,0,0,0,0,2,0,0,0,1,0	0,0,0,0,2,0,0,0,0,0,0,0,0,0,0,0	0,0,0,0,0,0,0,0,0,0,0,0,0,0,0,0	1035	269	NA,NA,NA,NA,NA,NA,NA,NA,1.0,1.0,0.0,NA,NA,NA,0.342,NA	NA,NA,NA,NA,1.0,NA,NA,NA,NA,NA,NA,NA,NA,NA,NA,NA	-0.414
56	4,28,5,2,20,32,2,8,22,36,39,37,2,32,35,38	82,349,364,83,407,232,41,141,820,655,422,383,43,830,368,698	9,15,9,10,11,26,2,15,18,44,26,7,3,22,24,50	235,257,287,152,410,204,34,156,233,778,369,269,33,514,332,857	439	269	0.029,0.047,0.008,0.015,0.029,0.078,0.029,0.034,0.016,0.033,0.054,0.056,0.028,0.023,0.055,0.032	0.023,0.035,0.019,0.039,0.016,0.072,0.035,0.056,0.045,0.033,0.041,0.016,0.053,0.026,0.042,0.035	-0.001
57	0,0,0,0,0,0,0,0,3,0,0,0,0,0,0,0	0,0,1,2,3,0,1,1,1,1,4,4,1,1,3,2	0,0,0,0,0,0,0,0,0,0,0,0,0,0,0,0	0,1,2,1,2,2,2,1,2,3,8,1,5,1,7,3	374	269	NA,NA,0.0,0.0,0.0,NA,0.0,0.0,0.683,0.0,0.0,0.0,0.0,0.0,0.0,0.0	NA,0.0,0.0,0.0,0.0,0.0,0.0,0.0,0.0,0.0,0.0,0.0,0.0,0.0,0.0,0.0	0.053
58	0,2,1,6,2,2,0,2,0,6,3,4,0,3,0,5	236,623,792,443,727,289,244,428,1253,413,1018,696,45,527,170,293	0,2,3,1,0,1,0,0,2,1,1,1,0,1,0,1	408,790,731,630,193,304,189,200,818,209,410,705,79,139,164,99	1037	269	0.0,0.001,0.0,0.004,0.001,0.002,0.0,0.001,0.0,0.004,0.001,0.001,0.0,0.001,0.0,0.004	0.0,0.001,0.001,0.0,0.0,0.001,0.0,0.0,0.001,0.001,0.001,0.0,0.0,0.002,0.0,0.003	0.001
64	0,0,0,1,3,7,1,0,0,0,8,6,0,5,6,5	2,7,11,15,6,14,8,4,11,15,26,13,0,22,9,24	0,0,2,2,4,4,1,2,2,2,8,0,0,3,2,4	1,12,7,9,13,21,5,3,11,31,15,7,0,9,17,27	794	269	0.0,0.0,0.0,0.022,0.145,0.145,0.041,0.0,0.0,0.0,0.094,0.135,NA,0.071,0.184,0.066	0.0,0.0,0.088,0.07,0.094,0.061,0.063,0.184,0.058,0.021,0.153,0.0,NA,0.101,0.038,0.048	-0.005
66	0,0,0,0,0,0,0,0,0,0,0,0,0,0,0,2	0,1,0,0,9,9,19,0,0,0,21,10,0,10,3,9	0,0,0,0,0,0,0,0,0,0,0,0,0,0,0,1	0,4,0,0,11,1,11,5,0,4,19,3,0,24,2,6	398	269	NA,0.0,NA,NA,0.0,0.0,0.0,NA,NA,NA,0.0,0.0,NA,0.0,0.0,0.131	NA,0.0,NA,NA,0.0,0.0,0.0,0.0,NA,0.0,0.0,0.0,NA,0.0,0.0,0.101	0.005
69	0,0,0,0,0,0,0,0,0,0,0,0,0,4,0,0	2,2,2,7,81,68,7,19,10,289,45,127,0,187,40,289	0,0,0,0,0,0,0,1,0,0,0,0,0,0,0,0	5,1,11,10,100,55,2,35,22,141,43,66,1,121,37,186	2993	269	0.0,0.0,0.0,0.0,0.0,0.0,0.0,0.0,0.0,0.0,0.0,0.0,NA,0.002,0.0,0.0	0.0,0.0,0.0,0.0,0.0,0.0,0.0,0.003,0.0,0.0,0.0,0.0,0.0,0.0,0.0,0.0	-0.0
72	0,0,2,0,1,0,0,0,0,0,0,0,0,4,0,0	3,0,3,5,2,2,0,0,0,0,0,3,0,2,1,0	0,0,2,0,0,0,0,0,0,2,0,2,0,5,0,1	0,0,0,3,4,0,0,0,7,5,0,2,0,8,0,4	756	269	0.0,NA,0.192,0.0,0.151,0.0,NA,NA,NA,NA,NA,0.0,NA,0.416,0.0,NA	NA,NA,1.0,0.0,0.0,NA,NA,NA,0.0,0.125,NA,0.262,NA,0.182,NA,0.082	-0.112
75	0,0,0,0,0,0,0,0,0,0,0,0,0,0,0,0	2,1,0,0,3,5,0,4,1,0,3,1,0,9,1,5	0,1,0,0,0,0,0,0,0,0,0,0,0,0,0,0	0,2,0,0,4,0,0,8,1,21,9,3,0,10,1,2	1176	269	0.0,0.0,NA,NA,0.0,0.0,NA,0.0,0.0,NA,0.0,0.0,NA,0.0,0.0,0.0	NA,0.103,NA,NA,0.0,NA,NA,0.0,0.0,0.0,0.0,0.0,NA,0.0,0.0,0.0	-0.01
81	0,0,0,0,0,0,0,0,0,0,0,0,0,0,0,0	0,0,2,0,0,0,0,0,0,5,0,0,0,1,0,3	0,0,0,0,0,0,0,0,1,0,0,0,0,0,0,0	0,0,0,0,0,0,0,0,0,9,1,2,0,4,0,4	344	269	NA,NA,0.0,NA,NA,NA,NA,NA,NA,0.0,NA,NA,NA,0.0,NA,0.0	NA,NA,NA,NA,NA,NA,NA,NA,1.0,0.0,0.0,0.0,NA,0.0,NA,0.0	-0.167
85	0,0,1,0,3,0,0,0,0,0,4,3,0,2,0,1	1,17,7,25,89,18,22,54,42,37,89,99,1,109,36,53	0,0,0,0,2,0,0,3,0,0,1,2,0,4,1,3	6,21,25,25,78,9,10,65,34,50,128,81,5,112,30,109	351	269	0.0,0.0,0.099,0.0,0.025,0.0,0.0,0.0,0.0,0.0,0.033,0.023,0.0,0.014,0.0,0.014	0.0,0.0,0.0,0.0,0.019,0.0,0.0,0.034,0.0,0.0,0.006,0.019,0.0,0.027,0.025,0.021	0.004
91	0,3,1,0,6,7,18,0,0,11,10,4,0,8,11,7	22,3,21,10,94,143,275,97,8,139,367,131,2,196,130,197	3,0,0,0,8,10,9,4,1,9,14,2,1,9,6,10	7,15,13,4,251,91,220,137,5,73,359,86,9,197,135,235	344	269	0.0,0.439,0.036,0.0,0.048,0.037,0.049,0.0,0.0,0.058,0.021,0.023,0.0,0.031,0.062,0.027	0.251,0.0,0.0,0.0,0.024,0.079,0.031,0.022,0.135,0.088,0.03,0.018,0.08,0.034,0.034,0.032	-0.002
92	0,0,0,0,0,1,0,0,0,0,0,0,0,0,0,0	1,0,0,0,3,11,0,6,0,5,11,13,0,1,10,13	0,1,0,0,0,0,0,0,0,0,0,0,0,0,0,0	0,0,0,0,11,13,4,12,2,4,12,11,0,10,3,9	362	269	0.0,NA,NA,NA,0.0,0.063,NA,0.0,NA,0.0,0.0,0.0,NA,0.0,0.0,0.0	NA,1.0,NA,NA,0.0,0.0,0.0,0.0,0.0,0.0,0.0,0.0,NA,0.0,0.0,0.0	-0.077
95	0,0,0,0,0,1,0,0,0,3,0,0,0,0,0,0	0,0,0,0,0,0,0,0,0,0,0,0,0,1,0,4	0,0,0,0,0,1,0,0,0,0,0,0,0,0,0,0	0,0,0,0,0,0,0,0,0,4,0,0,0,0,0,0	684	269	NA,NA,NA,NA,NA,1.0,NA,NA,NA,1.0,NA,NA,NA,0.0,NA,0.0	NA,NA,NA,NA,NA,1.0,NA,NA,NA,0.0,NA,NA,NA,NA,NA,NA	0.0
96	0,0,0,0,0,0,0,0,3,16,0,0,0,2,0,5	2,1,8,2,17,0,5,3,81,296,14,6,0,106,0,223	0,0,0,0,0,0,0,0,0,9,0,0,0,1,0,8	2,1,3,6,19,0,1,5,39,402,19,7,1,94,0,249	411	269	0.0,0.0,0.0,0.0,0.0,NA,0.0,0.0,0.024,0.034,0.0,0.0,NA,0.012,NA,0.014	0.0,0.0,0.0,0.0,0.0,NA,0.0,0.0,0.0,0.014,0.0,0.0,0.0,0.007,NA,0.021	0.003
99	34,395,419,11,1,121,3,0,8,0,0,2,0,13,4,1	2,69,78,2,0,12,0,0,0,0,0,0,0,1,0,0	2,450,657,2,0,131,0,0,5,0,2,0,0,9,5,0	2,97,128,2,0,20,0,0,7,0,2,0,2,0,1,0	653	269	0.875,0.702,0.689,0.694,1.0,0.806,1.0,NA,1.0,NA,NA,1.0,NA,0.843,1.0,1.0	0.292,0.656,0.679,0.292,NA,0.73,NA,NA,0.227,NA,0.292,NA,0.0,1.0,0.673,NA	0.4
100	33,386,403,11,0,112,3,0,8,0,0,2,0,12,3,1	8,211,193,3,0,14,2,0,3,1,0,0,0,2,0,0	2,424,626,2,0,119,0,0,5,0,1,0,0,9,5,0	12,194,253,0,0,37,1,0,13,0,0,0,0,3,0,0	1177	269	0.485,0.295,0.323,0.456,NA,0.646,0.255,NA,0.379,0.0,NA,1.0,NA,0.578,1.0,1.0	0.037,0.333,0.361,1.0,NA,0.424,0.0,NA,0.081,NA,1.0,NA,NA,0.407,1.0,NA	0.07
101	0,11,7,0,0,5,0,0,0,0,0,0,0,0,0,0	1,29,33,0,2,8,0,0,0,0,0,0,0,0,0,0	0,21,8,0,0,3,0,0,0,0,0,0,0,0,0,0	0,34,24,0,0,18,1,0,0,0,1,0,0,0,1,0	718	269	0.0,0.124,0.074,NA,0.0,0.19,NA,NA,NA,NA,NA,NA,NA,NA,NA,NA	NA,0.188,0.111,NA,NA,0.059,0.0,NA,NA,NA,0.0,NA,NA,NA,0.0,NA	0.018
108	0,0,0,0,0,0,0,0,0,0,0,0,0,0,0,0	2,7,13,4,5,19,0,1,23,21,10,4,0,4,3,13	0,1,0,0,0,0,0,0,0,0,0,0,0,0,0,0	3,11,11,10,2,12,9,2,6,21,1,0,0,3,2,8	485	269	0.0,0.0,0.0,0.0,0.0,0.0,NA,0.0,0.0,0.0,0.0,0.0,NA,0.0,0.0,0.0	0.0,0.048,0.0,0.0,0.0,0.0,0.0,0.0,0.0,0.0,0.0,NA,NA,0.0,0.0,0.0	-0.003
109	0,0,0,0,0,0,0,0,0,0,0,0,0,0,0,0	11,25,24,16,9,35,8,4,42,15,29,24,0,44,10,47	0,1,0,0,0,0,0,0,0,0,0,0,0,0,0,0	15,38,47,22,28,19,6,9,20,41,45,16,0,33,15,61	675	269	0.0,0.0,0.0,0.0,0.0,0.0,0.0,0.0,0.0,0.0,0.0,0.0,NA,0.0,0.0,0.0	0.0,0.01,0.0,0.0,0.0,0.0,0.0,0.0,0.0,0.0,0.0,0.0,NA,0.0,0.0,0.0	-0.001
110	0,0,0,1,0,4,0,0,3,6,2,0,0,1,0,3	1,5,3,0,2,4,1,0,9,6,6,5,0,6,2,3	0,1,0,0,0,2,4,2,1,1,0,0,0,0,0,1	1,0,10,4,5,4,1,2,0,10,1,0,0,1,0,1	357	269	0.0,0.0,0.0,1.0,0.0,0.43,0.0,NA,0.201,0.43,0.201,0.0,NA,0.112,0.0,0.43	0.0,1.0,0.0,0.0,0.0,0.274,0.751,0.43,1.0,0.07,0.0,NA,NA,0.0,NA,0.43	-0.104
111	0,0,0,0,0,0,0,0,0,0,0,4,0,0,1,0	0,0,0,0,0,2,0,1,0,3,1,4,0,1,2,0	0,0,2,0,0,0,0,0,0,0,0,0,0,0,0,0	0,0,1,0,8,4,0,0,0,3,0,0,0,5,3,1	365	269	NA,NA,NA,NA,NA,0.0,NA,0.0,NA,0.0,0.0,0.424,NA,0.0,0.269,NA	NA,NA,0.596,NA,0.0,0.0,NA,NA,NA,0.0,NA,NA,NA,0.0,0.0,0.0	0.014
115	4,11,9,8,9,32,5,2,13,22,24,25,1,22,10,13	0,3,1,2,5,16,4,1,4,0,6,12,0,0,3,6	5,11,28,9,10,15,6,5,9,27,7,9,0,21,9,19	3,6,6,3,2,10,0,1,8,4,5,0,2,3,4,5	416	269	1.0,0.703,0.853,0.721,0.538,0.564,0.447,0.564,0.678,1.0,0.721,0.574,1.0,1.0,0.683,0.584	0.519,0.542,0.751,0.66,0.764,0.492,1.0,0.764,0.421,0.814,0.475,1.0,0.0,0.819,0.593,0.711	0.082
121	0,0,0,0,0,0,0,0,0,0,0,0,0,0,0,0	0,0,0,2,0,0,0,0,5,11,0,0,0,14,0,32	0,0,0,0,0,0,0,0,0,1,0,0,0,0,0,3	0,0,0,2,0,1,0,0,20,17,0,0,0,8,0,27	386	269	NA,NA,NA,0.0,NA,NA,NA,NA,0.0,0.0,NA,NA,NA,0.0,NA,0.0	NA,NA,NA,0.0,NA,0.0,NA,NA,0.0,0.039,NA,NA,NA,0.0,NA,0.072	-0.018
125	0,0,0,2,1,9,0,0,2,13,0,5,0,4,0,9	11,6,14,108,21,57,1,18,83,76,2,77,0,33,7,54	1,0,1,3,1,4,0,0,3,8,0,1,0,4,0,3	14,1,13,144,15,69,0,10,76,43,1,56,0,20,4,37	832	269	0.0,0.0,0.0,0.006,0.015,0.049,0.0,0.0,0.008,0.052,0.0,0.021,NA,0.038,0.0,0.051	0.023,0.0,0.024,0.007,0.021,0.018,NA,0.0,0.013,0.057,0.0,0.006,NA,0.061,0.0,0.026	-0.002
126	8,1,2,89,15,36,0,2,50,50,1,24,1,21,4,42	14,5,24,142,34,43,0,8,143,68,0,66,0,49,1,73	29,1,10,141,10,21,2,3,51,43,0,19,0,12,1,39	43,12,26,206,6,61,1,17,102,49,0,60,0,22,6,37	873	269	0.15,0.058,0.025,0.162,0.12,0.205,NA,0.072,0.097,0.185,1.0,0.101,1.0,0.117,0.552,0.151	0.172,0.025,0.106,0.174,0.339,0.096,0.381,0.052,0.133,0.213,NA,0.089,NA,0.144,0.049,0.245	0.108
127	1,0,6,0,0,28,0,0,0,0,0,2,0,1,0,1	0,0,0,2,0,0,0,0,0,0,0,3,0,0,0,0	0,0,3,0,0,29,0,0,0,0,0,1,0,0,0,1	0,0,0,0,0,0,0,0,0,0,0,0,0,0,0,0	1739	269	1.0,NA,1.0,0.0,NA,1.0,NA,NA,NA,NA,NA,0.093,NA,1.0,NA,1.0	NA,NA,1.0,NA,NA,1.0,NA,NA,NA,NA,NA,1.0,NA,NA,NA,1.0	-0.272
128	0,0,0,0,0,0,0,0,0,4,0,0,0,0,0,0	0,1,1,0,2,12,0,1,0,24,2,1,0,7,1,2	0,0,0,0,0,0,0,0,0,0,0,0,0,0,0,0	0,5,0,0,2,19,0,2,5,42,2,1,0,8,3,9	344	269	NA,0.0,0.0,NA,0.0,0.0,NA,0.0,NA,0.115,0.0,0.0,NA,0.0,0.0,0.0	NA,0.0,NA,NA,0.0,0.0,NA,0.0,0.0,0.0,0.0,0.0,NA,0.0,0.0,0.0	0.01
129	0,1,0,0,0,0,0,0,0,0,0,0,0,0,0,0	0,2,3,1,4,1,1,1,2,6,5,13,0,6,0,6	0,0,0,0,0,0,0,0,0,0,0,0,0,0,0,0	0,3,0,2,7,7,0,0,3,8,1,5,0,19,2,1	357	269	NA,0.274,0.0,0.0,0.0,0.0,0.0,0.0,0.0,0.0,0.0,0.0,NA,0.0,NA,0.0	NA,0.0,NA,0.0,0.0,0.0,NA,NA,0.0,0.0,0.0,0.0,NA,0.0,0.0,0.0	0.021
130	0,1,0,0,0,0,0,0,0,0,0,0,0,0,0,0	0,0,0,0,1,0,5,0,0,0,26,3,0,0,0,1	0,0,0,0,0,0,0,0,0,0,0,0,0,0,0,0	0,1,0,0,5,6,1,0,0,0,31,0,0,1,0,0	3432	269	NA,1.0,NA,NA,0.0,NA,0.0,NA,NA,NA,0.0,0.0,NA,NA,NA,0.0	NA,0.0,NA,NA,0.0,0.0,0.0,NA,NA,NA,0.0,NA,NA,0.0,NA,NA	0.167
133	0,1,2,1,2,0,0,0,0,1,8,2,0,2,0,0	0,0,0,0,0,0,0,0,0,0,3,0,0,0,0,0	0,2,3,2,1,0,1,1,5,1,1,3,0,1,0,2	0,0,0,0,0,0,0,0,0,0,0,0,0,0,0,0	494	269	NA,1.0,1.0,1.0,1.0,NA,NA,NA,NA,1.0,0.592,1.0,NA,1.0,NA,NA	NA,1.0,1.0,1.0,1.0,NA,1.0,1.0,1.0,1.0,1.0,1.0,NA,1.0,NA,1.0	-0.051
134	0,1,1,1,0,0,0,0,0,1,0,1,0,0,0,0	11,36,85,21,25,47,10,19,53,38,136,36,0,94,9,69	0,0,2,0,0,0,1,1,4,0,0,0,0,0,0,1	11,61,26,44,26,35,15,18,96,69,100,48,0,36,2,39	487	269	0.0,0.015,0.006,0.026,0.0,0.0,0.0,0.0,0.0,0.014,0.0,0.015,NA,0.0,0.0,0.0	0.0,0.0,0.041,0.0,0.0,0.0,0.036,0.03,0.022,0.0,0.0,0.0,NA,0.0,0.0,0.014	-0.004
135	0,0,1,0,1,0,0,0,0,1,0,0,0,1,0,1	1,2,0,2,7,8,2,3,1,17,23,67,0,4,0,23	1,0,0,0,0,2,0,1,0,0,2,0,0,0,0,0	0,0,1,2,30,6,4,22,1,8,38,13,0,32,3,37	416	269	0.0,0.0,1.0,0.0,0.085,0.0,0.0,0.0,0.0,0.037,0.0,0.0,NA,0.139,NA,0.027	1.0,NA,0.0,0.0,0.0,0.177,0.0,0.029,0.0,0.0,0.033,0.0,NA,0.0,0.0,0.0	0.003
136	1,8,2,3,0,1,2,3,1,5,1,1,0,1,0,2	2,12,10,0,4,6,2,1,3,6,6,21,2,1,1,6	2,11,1,0,1,2,0,0,1,16,2,0,0,5,0,4	4,13,12,3,5,8,3,2,15,16,13,0,0,2,1,6	1210	269	0.1,0.129,0.043,1.0,0.0,0.036,0.182,0.4,0.069,0.156,0.036,0.01,0.0,0.182,0.0,0.069	0.1,0.158,0.018,0.0,0.043,0.053,0.0,0.0,0.015,0.182,0.033,NA,NA,0.357,0.0,0.129	0.073
138	1,9,2,3,0,1,2,3,1,8,1,12,0,1,0,5	1,1,3,2,0,3,0,0,1,0,1,3,0,1,0,8	4,11,2,0,2,5,1,0,1,19,3,0,0,5,1,8	1,7,7,0,0,4,0,0,0,0,2,1,0,1,0,7	1305	269	0.171,0.65,0.121,0.236,NA,0.064,1.0,1.0,0.171,1.0,0.171,0.452,NA,0.171,NA,0.114	0.452,0.245,0.056,NA,1.0,0.205,1.0,NA,1.0,1.0,0.236,0.0,NA,0.508,1.0,0.191	-0.121
139	2,10,3,3,0,2,2,3,1,6,2,3,0,3,1,3	0,1,0,0,0,0,0,0,0,0,0,0,0,0,0,0	2,11,2,0,2,3,0,0,1,17,2,0,0,6,0,5	0,0,0,0,0,0,0,0,0,0,0,0,0,0,0,0	1434	269	1.0,0.652,1.0,1.0,NA,1.0,1.0,1.0,1.0,1.0,1.0,1.0,NA,1.0,1.0,1.0	1.0,1.0,1.0,NA,1.0,1.0,NA,NA,1.0,1.0,1.0,NA,NA,1.0,NA,1.0	-0.025
140	1,2,3,2,0,1,0,3,1,1,2,3,0,2,1,7	0,0,0,0,0,0,0,0,0,0,0,0,0,0,0,0	1,5,3,0,1,4,0,0,0,1,1,0,0,2,0,4	0,0,0,0,0,0,0,0,0,0,0,0,0,0,2,0	357	269	1.0,1.0,1.0,1.0,NA,1.0,NA,1.0,1.0,1.0,1.0,1.0,NA,1.0,1.0,1.0	1.0,1.0,1.0,NA,1.0,1.0,NA,NA,NA,1.0,1.0,NA,NA,1.0,0.0,1.0	0.1
141	1,8,2,3,0,1,2,3,1,5,1,3,0,1,0,3	11,76,39,10,44,18,2,29,31,83,159,67,0,101,5,86	2,11,1,0,1,2,0,0,1,16,1,0,0,5,0,4	21,56,47,24,42,46,12,31,72,96,109,52,0,59,4,92	2187	269	0.011,0.013,0.006,0.036,0.0,0.007,0.11,0.013,0.004,0.007,0.001,0.005,NA,0.001,0.0,0.004	0.012,0.024,0.003,0.0,0.003,0.005,0.0,0.0,0.002,0.02,0.001,0.0,NA,0.01,0.0,0.005	0.009
142	0,0,2,2,0,0,0,3,1,0,1,3,0,0,0,7	0,1,0,0,0,0,0,0,0,3,0,11,0,0,0,3	1,5,2,0,0,3,0,0,0,0,1,0,0,1,0,3	2,0,2,0,2,3,1,0,0,7,2,0,0,1,0,7	1110	269	NA,0.0,1.0,1.0,NA,NA,NA,1.0,1.0,0.0,1.0,0.062,NA,NA,NA,0.361	0.108,1.0,0.195,NA,0.0,0.195,0.0,NA,NA,0.0,0.108,NA,NA,0.195,NA,0.094	0.413
143	0,0,0,0,0,0,0,3,0,0,0,2,0,0,0,1	3,7,1,1,4,13,0,5,0,7,4,14,0,11,2,12	0,0,0,0,0,0,0,0,0,0,1,0,0,0,0,0	1,2,4,1,1,14,2,5,1,31,7,1,0,8,0,10	912	269	0.0,0.0,0.0,0.0,0.0,0.0,NA,0.15,NA,0.0,0.0,0.04,NA,0.0,0.0,0.024	0.0,0.0,0.0,0.0,0.0,0.0,0.0,0.0,0.0,0.0,0.04,0.0,NA,0.0,NA,0.0	0.014
144	0,2,4,0,0,3,0,0,1,6,1,11,0,1,0,0	0,0,0,0,0,0,0,0,0,0,1,0,0,0,0,0	0,3,1,1,4,0,0,0,1,2,2,4,0,1,0,1	0,0,0,0,0,0,0,0,0,0,0,0,0,0,0,0	359	269	NA,1.0,1.0,NA,NA,1.0,NA,NA,1.0,1.0,0.428,1.0,NA,1.0,NA,NA	NA,1.0,1.0,1.0,1.0,NA,NA,NA,1.0,1.0,1.0,1.0,NA,1.0,NA,1.0	-0.072
146	6,25,23,18,22,7,2,12,38,3,28,16,2,12,7,14	37,98,91,163,167,75,32,156,303,189,250,255,16,249,65,199	52,31,41,41,7,13,4,14,24,9,26,10,1,15,13,15	182,139,123,229,122,89,23,117,215,104,226,261,10,147,62,203	346	269	0.112,0.166,0.164,0.079,0.093,0.068,0.046,0.056,0.089,0.012,0.08,0.047,0.089,0.036,0.077,0.052	0.182,0.148,0.206,0.122,0.043,0.102,0.119,0.085,0.08,0.063,0.082,0.029,0.072,0.074,0.14,0.054	-0.021
150	0,2,0,0,0,8,5,1,6,0,4,10,0,5,3,6	0,0,0,2,0,0,0,0,0,0,0,1,0,1,0,0	0,1,0,0,10,8,3,2,2,10,6,9,1,31,0,5	0,0,0,0,3,0,0,0,1,0,1,1,0,1,0,0	452	269	NA,1.0,NA,0.0,NA,1.0,1.0,1.0,1.0,NA,1.0,0.856,NA,0.748,1.0,1.0	NA,1.0,NA,NA,0.665,1.0,1.0,1.0,0.543,1.0,0.781,0.843,1.0,0.949,NA,1.0	-0.025
154	0,3,7,9,6,7,5,0,10,7,13,3,1,4,22,7	23,50,32,61,106,126,50,68,69,95,314,327,0,179,51,132	1,5,6,8,4,16,3,7,8,2,6,5,0,5,12,11	5,32,45,33,96,103,58,71,81,59,235,157,5,139,55,97	363	269	0.0,0.043,0.139,0.099,0.04,0.04,0.069,0.0,0.097,0.052,0.03,0.007,1.0,0.016,0.242,0.038	0.129,0.104,0.09,0.152,0.03,0.103,0.037,0.068,0.068,0.025,0.019,0.023,0.0,0.026,0.139,0.078	0.051
155	0,4,2,5,4,14,5,2,14,24,21,38,1,16,6,10	46,215,225,268,715,164,94,528,586,364,894,702,44,693,171,373	0,8,9,17,9,7,4,14,16,19,12,33,0,20,9,16	227,320,283,390,361,209,88,337,422,356,807,846,27,420,188,378	356	269	0.0,0.014,0.007,0.014,0.004,0.061,0.039,0.003,0.018,0.047,0.017,0.039,0.017,0.017,0.026,0.02	0.0,0.019,0.023,0.032,0.018,0.025,0.033,0.03,0.028,0.039,0.011,0.029,0.0,0.035,0.035,0.031	-0.003
158	1,2,4,0,3,9,0,1,6,4,2,5,0,2,0,8	3,1,20,1,6,4,0,0,18,16,3,0,0,4,2,6	0,0,3,4,1,4,2,0,5,9,0,0,0,4,0,14	4,3,1,10,3,2,1,0,3,3,1,2,0,9,0,6	598	269	0.13,0.474,0.083,0.0,0.184,0.503,NA,1.0,0.13,0.101,0.231,1.0,NA,0.184,0.0,0.375	0.0,0.0,0.574,0.152,0.13,0.474,0.474,NA,0.428,0.574,0.0,0.0,NA,0.167,NA,0.512	0.046
159	0,1,1,0,3,0,0,0,0,10,0,4,0,3,0,0	0,6,14,5,10,6,0,8,5,44,0,45,0,12,1,27	0,0,5,0,3,2,0,0,1,5,0,7,0,0,0,1	0,3,15,2,5,6,0,2,2,24,0,43,0,3,0,38	353	269	NA,0.113,0.052,0.0,0.186,0.0,NA,0.0,0.0,0.148,NA,0.063,NA,0.16,0.0,0.0	NA,0.0,0.203,0.0,0.314,0.203,NA,0.0,0.276,0.137,NA,0.11,NA,0.0,NA,0.02	-0.055
175	1,8,9,20,44,13,2,20,8,27,63,48,1,33,12,22	8,13,18,34,153,48,44,119,41,165,292,181,0,288,47,206	1,8,16,11,23,14,9,36,15,22,35,38,1,21,11,26	7,17,25,27,136,54,28,125,64,131,239,179,0,155,60,167	1232	269	0.027,0.118,0.098,0.114,0.059,0.056,0.01,0.035,0.041,0.034,0.045,0.055,1.0,0.024,0.053,0.023	0.03,0.093,0.123,0.082,0.036,0.054,0.066,0.059,0.049,0.035,0.031,0.044,1.0,0.029,0.038,0.033	-0.001
176	0,0,0,0,3,0,0,0,0,3,1,1,0,0,0,2	4,3,11,6,18,6,4,10,6,23,41,50,0,14,6,10	0,0,0,0,1,1,0,1,0,2,0,0,0,0,0,0	3,7,8,11,7,13,5,19,7,3,37,44,0,17,3,19	1137	269	0.0,0.0,0.0,0.0,0.038,0.0,0.0,0.0,0.0,0.03,0.006,0.005,NA,0.0,0.0,0.045	0.0,0.0,0.0,0.0,0.033,0.018,0.0,0.012,0.0,0.136,0.0,0.0,NA,0.0,0.0,0.0	-0.005
177	0,0,0,0,3,0,0,0,0,3,1,1,0,0,0,2	6,26,18,18,80,42,36,63,41,24,176,116,0,122,26,60	0,0,0,0,1,1,0,1,0,2,0,0,0,0,0,0	4,34,34,30,61,47,25,60,39,32,137,103,1,55,31,56	1085	269	0.0,0.0,0.0,0.0,0.009,0.0,0.0,0.0,0.0,0.03,0.001,0.002,NA,0.0,0.0,0.008	0.0,0.0,0.0,0.0,0.004,0.005,0.0,0.004,0.0,0.015,0.0,0.0,0.0,0.0,0.0,0.0	0.002
178	0,0,0,0,3,0,0,0,0,3,1,1,0,0,0,2	2,8,8,1,5,13,5,7,2,25,44,30,0,19,12,20	0,0,0,0,1,1,0,1,0,2,0,0,0,0,0,0	0,6,6,5,7,8,5,12,8,2,35,22,0,9,2,11	1054	269	0.0,0.0,0.0,0.0,0.133,0.0,0.0,0.0,0.0,0.03,0.006,0.008,NA,0.0,0.0,0.025	NA,0.0,0.0,0.0,0.035,0.031,0.0,0.021,0.0,0.203,0.0,0.0,NA,0.0,0.0,0.0	-0.007
179	0,0,0,0,2,0,5,0,2,0,13,3,1,1,0,0	4,0,3,10,32,8,73,13,76,23,145,35,0,61,24,7	0,0,0,1,2,0,4,0,3,0,16,2,0,1,0,2	5,1,3,18,25,3,58,17,74,13,122,34,2,14,9,12	372	269	0.0,NA,0.0,0.0,0.043,0.0,0.047,0.0,0.019,0.0,0.061,0.058,1.0,0.012,0.0,0.0	0.0,0.0,0.0,0.039,0.055,0.0,0.048,0.0,0.028,0.0,0.087,0.041,0.0,0.049,0.0,0.108	0.054
180	0,0,0,0,1,1,0,0,0,1,4,0,0,0,0,2	1,20,16,6,8,10,7,3,21,8,13,4,0,26,4,15	0,4,1,0,0,0,0,0,7,0,0,0,0,0,0,2	6,24,7,2,4,1,0,3,54,14,14,1,0,8,0,12	504	269	0.0,0.0,0.0,0.0,0.063,0.051,0.0,0.0,0.0,0.063,0.141,0.0,NA,0.0,0.0,0.066	0.0,0.082,0.071,0.0,0.0,0.0,NA,0.0,0.065,0.0,0.0,0.0,NA,0.0,NA,0.082	0.003
181	0,0,0,0,0,0,0,0,0,0,0,0,0,0,0,1	0,0,0,0,0,0,0,0,0,0,0,0,0,1,0,0	0,1,0,2,0,0,0,0,0,0,0,0,0,0,0,0	0,0,0,0,1,0,0,0,0,0,0,0,0,0,0,0	889	269	NA,NA,NA,NA,NA,NA,NA,NA,NA,NA,NA,NA,NA,0.0,NA,1.0	NA,1.0,NA,1.0,0.0,NA,NA,NA,NA,NA,NA,NA,NA,NA,NA,NA	-0.167
183	0,0,0,1,0,0,0,0,0,0,0,0,0,0,1,0	0,2,3,30,6,14,0,2,5,0,0,28,2,18,28,0	0,0,0,0,0,1,0,1,0,0,0,1,0,1,0,0	0,0,1,11,5,11,0,4,3,0,0,7,0,10,23,0	606	269	NA,0.0,0.0,0.015,0.0,0.0,NA,0.0,0.0,NA,NA,0.0,0.0,0.0,0.016,NA	NA,NA,0.0,0.0,0.0,0.039,NA,0.1,0.0,NA,NA,0.06,NA,0.043,0.0,NA	-0.024
185	0,0,0,0,0,0,0,1,0,0,0,0,0,0,0,1	6,10,8,7,112,107,12,31,5,346,202,319,14,195,253,344	0,4,0,0,3,2,0,0,0,0,0,0,0,0,0,0	0,10,18,2,228,124,14,37,35,367,218,173,12,265,190,577	361	269	0.0,0.0,0.0,0.0,0.0,0.0,0.0,0.023,0.0,0.0,0.0,0.0,0.0,0.0,0.0,0.002	NA,0.23,0.0,0.0,0.01,0.012,0.0,0.0,0.0,0.0,0.0,0.0,0.0,0.0,0.0,0.0	-0.015
186	23,72,42,45,54,113,83,69,78,135,295,389,2,126,43,134	69,187,222,121,96,121,122,121,136,121,386,439,14,158,98,148	4,38,76,68,129,100,59,62,70,80,267,147,4,96,32,115	5,131,223,132,187,145,106,97,181,52,272,175,5,97,102,167	386	269	0.189,0.212,0.116,0.206,0.282,0.394,0.322,0.284,0.286,0.437,0.348,0.382,0.091,0.357,0.234,0.387	0.358,0.168,0.192,0.264,0.325,0.325,0.279,0.308,0.212,0.517,0.406,0.369,0.358,0.408,0.179,0.324	-0.029
191	1,0,2,4,0,8,0,0,1,0,0,0,0,1,2,3	0,1,1,31,8,83,2,3,17,9,0,0,2,25,79,15	0,0,0,2,1,8,0,0,4,1,0,1,0,1,4,13	10,5,5,27,8,50,2,5,5,0,0,3,2,5,71,11	2225	269	1.0,0.0,0.195,0.015,0.0,0.012,0.0,0.0,0.007,0.0,NA,NA,0.0,0.005,0.003,0.024	0.0,0.0,0.0,0.009,0.015,0.019,0.0,0.0,0.088,1.0,NA,0.039,0.0,0.024,0.007,0.125	0.002
192	4,15,29,5,18,11,0,7,12,16,18,7,0,26,4,9	21,68,95,35,60,169,28,30,97,113,75,79,14,93,86,68	18,20,28,11,5,16,2,1,9,14,1,0,3,1,6,12	54,78,65,66,31,134,22,48,188,100,54,22,10,36,84,60	1012	269	0.048,0.055,0.075,0.037,0.074,0.017,0.0,0.058,0.032,0.036,0.06,0.023,0.0,0.069,0.012,0.034	0.081,0.064,0.103,0.042,0.041,0.031,0.024,0.006,0.013,0.036,0.005,0.0,0.074,0.007,0.019,0.05	0.002
193	0,0,0,0,0,3,0,0,0,0,0,0,0,0,0,0	5,0,0,4,0,3,0,0,0,14,1,0,0,0,3,0	0,0,0,1,0,0,0,0,0,0,0,0,0,0,0,0	0,1,0,7,2,5,0,0,1,0,0,0,0,5,2,8	532	269	0.0,NA,NA,0.0,NA,0.336,NA,NA,NA,0.0,0.0,NA,NA,NA,0.0,NA	NA,0.0,NA,0.067,0.0,0.0,NA,NA,0.0,NA,NA,NA,NA,0.0,0.0,0.0	0.048
195	0,0,2,6,2,0,1,0,7,6,7,2,0,1,3,3	0,0,0,1,1,3,0,1,0,0,0,8,0,4,9,5	0,0,2,2,0,1,0,1,9,0,3,0,0,2,2,6	0,0,0,0,2,0,0,0,0,8,1,3,0,1,1,0	1937	269	NA,NA,1.0,0.455,0.217,0.0,1.0,0.0,1.0,1.0,1.0,0.034,NA,0.034,0.044,0.077	NA,NA,1.0,1.0,0.0,1.0,NA,1.0,1.0,0.0,0.294,0.0,NA,0.217,0.217,1.0	-0.11
196	0,0,0,0,0,0,0,0,0,0,1,0,0,0,0,0	0,0,0,1,0,3,0,1,0,19,3,7,0,3,0,0	0,0,0,0,1,0,0,1,0,0,0,0,0,0,0,0	3,1,0,0,5,3,0,3,0,0,9,2,0,8,1,6	460	269	NA,NA,NA,0.0,NA,0.0,NA,0.0,NA,0.0,0.163,0.0,NA,0.0,NA,NA	0.0,0.0,NA,NA,0.105,0.0,NA,0.163,NA,NA,0.0,0.0,NA,0.0,0.0,0.0	-0.004
204	0,0,0,0,0,0,0,0,0,0,1,0,0,1,0,0	0,2,2,1,2,3,0,1,1,2,2,0,0,1,3,1	0,0,0,0,0,0,0,0,0,0,0,0,0,1,0,1	4,1,3,7,2,2,0,1,0,0,2,0,0,1,2,3	668	269	NA,0.0,0.0,0.0,0.0,0.0,NA,0.0,0.0,0.0,0.168,NA,NA,0.287,0.0,0.0	0.0,0.0,0.0,0.0,0.0,0.0,NA,0.0,NA,NA,0.0,NA,NA,0.287,0.0,0.118	0.001
208	2,0,0,0,3,1,1,0,0,1,0,8,0,0,1,3	5,13,8,33,56,43,27,33,23,71,138,140,2,88,27,58	2,2,3,0,1,1,2,0,2,3,0,1,0,1,0,2	1,25,28,27,84,24,23,47,39,33,122,85,4,54,27,79	1552	269	0.065,0.0,0.0,0.0,0.009,0.004,0.006,0.0,0.0,0.002,0.0,0.01,0.0,0.0,0.006,0.009	0.257,0.014,0.018,0.0,0.002,0.007,0.015,0.0,0.009,0.016,0.0,0.002,0.0,0.003,0.0,0.004	-0.015
209	2,0,0,0,3,1,1,0,0,1,0,8,0,0,1,3	0,0,0,0,0,0,0,0,0,0,0,0,0,1,0,0	2,2,3,0,1,1,2,0,2,3,0,1,0,1,0,2	0,0,0,0,0,0,0,0,0,0,0,0,0,0,0,0	555	269	1.0,NA,NA,NA,1.0,1.0,1.0,NA,NA,1.0,NA,1.0,NA,0.0,1.0,1.0	1.0,1.0,1.0,NA,1.0,1.0,1.0,NA,1.0,1.0,NA,1.0,NA,1.0,NA,1.0	-0.111
212	0,1,1,0,0,0,2,0,0,2,2,0,0,0,0,0	44,62,57,56,177,162,93,101,28,192,436,703,6,242,49,180	0,0,0,0,0,0,0,0,4,0,1,0,0,0,0,1	2,44,50,34,154,145,65,120,73,118,202,253,2,184,41,171	854	269	0.0,0.005,0.005,0.0,0.0,0.0,0.007,0.0,0.0,0.003,0.001,0.0,0.0,0.0,0.0,0.0	0.0,0.0,0.0,0.0,0.0,0.0,0.0,0.0,0.017,0.0,0.002,0.0,0.0,0.0,0.0,0.002	-0.0
213	0,0,0,0,0,0,0,0,0,0,0,0,0,0,0,0	0,0,0,0,0,0,0,0,0,0,1,3,0,0,0,1	0,0,0,0,0,0,0,0,0,0,0,0,0,1,0,0	0,0,0,0,1,0,0,1,1,0,0,1,0,2,0,0	376	269	NA,NA,NA,NA,NA,NA,NA,NA,NA,NA,0.0,0.0,NA,NA,NA,0.0	NA,NA,NA,NA,0.0,NA,NA,0.0,0.0,NA,NA,0.0,NA,0.263,NA,NA	-0.053
217	4,25,5,22,27,13,6,19,55,28,85,20,1,36,5,32	26,78,110,191,552,73,46,508,338,328,855,370,4,549,22,291	14,25,21,59,23,15,7,25,40,41,79,24,1,23,9,32	97,101,64,314,339,78,58,371,253,348,761,505,3,315,34,262	411	269	0.091,0.173,0.029,0.07,0.031,0.104,0.079,0.024,0.096,0.053,0.061,0.034,0.141,0.041,0.129,0.067	0.086,0.139,0.177,0.11,0.043,0.112,0.073,0.042,0.094,0.072,0.064,0.03,0.179,0.046,0.148,0.074	-0.017
222	0,0,0,0,0,0,0,0,0,0,0,0,0,0,0,1	0,8,1,12,5,9,0,0,12,2,0,21,12,6,31,8	0,0,0,0,0,0,0,0,4,0,0,0,0,0,1,0	0,9,4,8,10,10,1,4,0,2,0,2,7,13,25,27	452	269	NA,0.0,0.0,0.0,0.0,0.0,NA,NA,0.0,0.0,NA,0.0,0.0,0.0,0.0,0.069	NA,0.0,0.0,0.0,0.0,0.0,0.0,0.0,1.0,0.0,NA,0.0,0.0,0.0,0.023,0.0	-0.067
223	2,3,7,4,23,22,5,13,7,129,30,14,1,41,4,77	0,0,0,0,0,0,0,0,0,0,0,2,0,0,0,0	6,12,9,2,26,29,6,6,27,143,34,7,0,56,1,73	0,0,0,0,0,0,0,0,0,0,0,0,0,0,0,0	326	269	1.0,1.0,1.0,1.0,1.0,1.0,1.0,1.0,1.0,1.0,1.0,0.852,1.0,1.0,1.0,1.0	1.0,1.0,1.0,1.0,1.0,1.0,1.0,1.0,1.0,1.0,1.0,1.0,NA,1.0,1.0,1.0	-0.009
228	0,0,0,0,0,0,0,0,0,0,2,0,0,0,0,0	4,3,7,23,66,98,49,70,9,73,277,159,4,71,116,98	0,0,0,0,0,0,0,0,0,0,0,0,0,0,0,0	1,6,8,8,94,83,47,67,10,45,220,56,9,76,115,90	831	269	0.0,0.0,0.0,0.0,0.0,0.0,0.0,0.0,0.0,0.0,0.002,0.0,0.0,0.0,0.0,0.0	0.0,0.0,0.0,0.0,0.0,0.0,0.0,0.0,0.0,0.0,0.0,0.0,0.0,0.0,0.0,0.0	0.0
229	0,0,0,0,1,2,0,0,4,0,0,1,1,3,1,1	67,106,45,69,80,92,0,66,83,28,2,91,25,209,77,123	0,1,1,3,6,2,0,2,1,0,0,0,0,9,1,5	28,84,118,52,92,102,4,134,63,19,4,50,18,164,77,232	554	269	0.0,0.0,0.0,0.0,0.006,0.01,NA,0.0,0.023,0.0,0.0,0.005,0.019,0.007,0.006,0.004	0.0,0.006,0.004,0.027,0.031,0.009,0.0,0.007,0.008,0.0,0.0,0.0,0.0,0.026,0.006,0.01	-0.003
232	0,0,0,0,0,0,0,0,0,0,1,0,0,0,0,0	6,2,30,4,1,3,10,3,15,3,3,9,2,18,6,9	0,0,0,0,0,0,0,0,0,0,0,0,0,0,0,0	13,14,18,6,11,20,2,8,4,0,8,0,1,10,9,10	371	269	0.0,0.0,0.0,0.0,0.0,0.0,0.0,0.0,0.0,0.0,0.195,0.0,0.0,0.0,0.0,0.0	0.0,0.0,0.0,0.0,0.0,0.0,0.0,0.0,0.0,NA,0.0,NA,0.0,0.0,0.0,0.0	0.012
241	44,137,184,60,72,154,106,33,122,263,208,53,5,147,49,166	26,65,66,54,19,66,19,14,106,78,81,36,2,66,21,56	79,175,232,64,78,142,78,43,206,322,169,19,8,101,73,301	50,67,88,50,28,62,25,11,112,159,57,7,0,36,28,99	371	269	0.551,0.604,0.669,0.446,0.733,0.629,0.802,0.631,0.455,0.71,0.651,0.516,0.644,0.618,0.629,0.682	0.534,0.654,0.657,0.481,0.669,0.624,0.693,0.739,0.571,0.595,0.683,0.663,1.0,0.67,0.654,0.688	-0.038
242	0,0,0,0,0,0,0,0,0,0,0,0,0,0,0,0	10,21,32,13,98,80,12,93,17,105,160,204,6,122,29,103	0,0,0,0,0,1,0,1,0,0,0,0,0,1,0,0	12,21,26,14,120,69,16,85,20,132,108,114,2,132,20,169	6852	269	0.0,0.0,0.0,0.0,0.0,0.0,0.0,0.0,0.0,0.0,0.0,0.0,0.0,0.0,0.0,0.0	0.0,0.0,0.0,0.0,0.0,0.001,0.0,0.0,0.0,0.0,0.0,0.0,0.0,0.0,0.0,0.0	-0.0
243	0,0,0,1,22,0,2,7,1,86,108,90,0,35,2,88	0,0,0,0,0,0,0,0,0,0,7,1,0,2,0,3	0,0,0,0,52,4,4,12,0,55,137,31,0,41,1,137	0,0,0,0,4,0,0,1,0,0,3,3,0,4,0,11	745	269	NA,NA,NA,1.0,1.0,NA,1.0,1.0,1.0,1.0,0.848,0.97,NA,0.863,1.0,0.914	NA,NA,NA,NA,0.824,1.0,1.0,0.812,NA,1.0,0.943,0.789,NA,0.787,1.0,0.818	0.066
244	0,0,0,0,11,0,6,11,0,102,113,73,0,32,0,117	0,0,0,0,10,0,2,7,0,23,28,10,0,12,0,21	0,0,0,1,50,1,8,11,2,67,115,23,0,65,1,179	0,0,0,0,21,0,0,3,2,5,53,8,0,8,0,29	884	269	NA,NA,NA,NA,0.251,NA,0.477,0.323,NA,0.574,0.551,0.69,NA,0.448,NA,0.629	NA,NA,NA,1.0,0.42,1.0,1.0,0.527,0.233,0.803,0.398,0.467,NA,0.712,1.0,0.653	-0.192
245	0,0,0,0,0,2,0,0,0,0,0,0,0,4,0,2	0,0,0,0,0,0,0,0,0,2,0,0,0,2,0,4	0,0,0,0,0,0,0,0,0,5,0,0,0,0,0,2	0,0,0,0,0,0,0,0,0,5,0,0,0,6,0,7	356	269	NA,NA,NA,NA,NA,1.0,NA,NA,NA,0.0,NA,NA,NA,0.602,NA,0.274	NA,NA,NA,NA,NA,NA,NA,NA,NA,0.43,NA,NA,NA,0.0,NA,0.178	0.266
247	0,1,1,0,3,1,0,1,1,2,5,3,0,9,1,2	16,22,30,7,49,14,2,4,72,78,130,51,0,43,5,29	0,1,0,0,6,0,1,0,1,1,3,3,0,7,0,5	35,26,33,31,17,23,3,18,59,29,88,36,3,46,5,35	676	269	0.0,0.018,0.013,0.0,0.024,0.028,0.0,0.09,0.005,0.01,0.015,0.023,NA,0.077,0.074,0.027	0.0,0.015,0.0,0.0,0.123,0.0,0.117,0.0,0.007,0.014,0.013,0.032,0.0,0.057,0.0,0.054	-0.0
253	0,1,0,0,0,0,0,0,0,0,0,0,0,0,0,0	11,10,22,12,51,16,10,47,19,20,76,38,6,38,18,20	1,0,1,3,0,0,0,0,0,0,0,0,1,0,0,0	7,19,18,11,32,20,7,33,13,22,51,55,7,23,23,10	354	269	0.0,0.071,0.0,0.0,0.0,0.0,0.0,0.0,0.0,0.0,0.0,0.0,0.0,0.0,0.0,0.0	0.098,0.0,0.041,0.172,0.0,0.0,0.0,0.0,0.0,0.0,0.0,0.0,0.098,0.0,0.0,0.0	-0.021
257	0,0,0,1,0,0,0,0,1,0,1,0,0,1,0,0	1,3,2,1,2,1,3,0,0,2,1,0,0,5,1,0	0,0,0,0,0,1,0,0,0,0,0,0,0,2,0,0	1,0,1,0,0,2,0,0,2,0,1,2,0,0,0,1	364	269	0.0,0.0,0.0,0.425,0.0,0.0,0.0,NA,1.0,0.0,0.425,NA,NA,0.129,0.0,NA	0.0,NA,0.0,NA,NA,0.27,NA,NA,0.0,NA,0.0,0.0,NA,1.0,NA,0.0	0.006
258	0,13,9,10,4,10,9,3,14,6,26,15,0,6,6,5	1,9,1,8,16,8,23,8,1,34,45,31,1,10,12,17	0,8,8,5,7,6,7,2,11,0,4,4,0,2,5,4	2,5,9,2,6,10,43,10,2,13,21,12,0,6,8,13	1062	269	0.0,0.268,0.695,0.24,0.06,0.24,0.09,0.087,0.78,0.043,0.128,0.109,0.0,0.132,0.112,0.069	0.0,0.288,0.184,0.388,0.228,0.132,0.04,0.048,0.582,0.0,0.046,0.078,NA,0.078,0.137,0.072	0.037
268	0,0,0,0,0,0,0,0,0,0,0,0,0,0,0,0	0,0,0,0,2,0,0,0,0,0,0,0,0,0,0,0	0,0,0,0,2,0,0,0,0,0,0,0,0,0,0,0	0,0,0,0,0,0,0,0,0,0,0,0,0,0,0,1	550	269	NA,NA,NA,NA,0.0,NA,NA,NA,NA,NA,NA,NA,NA,NA,NA,NA	NA,NA,NA,NA,1.0,NA,NA,NA,NA,NA,NA,NA,NA,NA,NA,0.0	-0.5
269	0,0,0,0,0,0,0,0,0,0,0,0,0,0,0,0	0,0,0,0,0,0,0,0,0,0,0,0,0,1,0,0	0,0,0,0,2,0,0,0,0,0,0,0,0,0,0,0	0,0,1,0,0,0,0,2,0,0,0,0,0,0,0,0	563	269	NA,NA,NA,NA,NA,NA,NA,NA,NA,NA,NA,NA,NA,0.0,NA,NA	NA,NA,0.0,NA,1.0,NA,NA,0.0,NA,NA,NA,NA,NA,NA,NA,NA	-0.333
270	0,0,0,0,5,2,7,6,2,1,37,8,0,1,3,1	9,7,102,34,915,168,435,1382,616,513,6234,655,19,274,177,198	0,0,0,2,0,2,6,4,0,1,52,12,0,4,3,2	7,20,29,51,722,112,358,962,282,608,5831,715,22,168,117,117	482	269	0.0,0.0,0.0,0.0,0.003,0.007,0.009,0.002,0.002,0.001,0.003,0.007,0.0,0.002,0.009,0.003	0.0,0.0,0.0,0.021,0.0,0.01,0.009,0.002,0.0,0.001,0.005,0.009,0.0,0.013,0.014,0.009	-0.003
272	0,0,0,0,0,0,6,0,0,0,2,0,0,0,0,0	0,0,0,0,0,0,5,0,0,0,0,0,0,0,0,0	0,0,0,0,0,0,5,0,0,0,3,0,0,0,0,0	0,0,0,0,0,0,2,0,0,0,4,0,0,0,0,0	347	269	NA,NA,NA,NA,NA,NA,0.482,NA,NA,NA,1.0,NA,NA,NA,NA,NA	NA,NA,NA,NA,NA,NA,0.66,NA,NA,NA,0.368,NA,NA,NA,NA,NA	0.227
277	1,11,3,4,1,9,1,4,0,3,21,13,2,8,12,8	13,64,35,75,63,54,8,58,65,34,101,73,8,62,76,77	3,5,7,4,4,10,4,4,6,3,13,13,1,2,2,4	45,81,128,81,59,65,18,56,108,31,63,43,11,36,75,67	1696	269	0.012,0.027,0.013,0.008,0.003,0.026,0.019,0.011,0.0,0.014,0.032,0.027,0.038,0.02,0.024,0.016	0.01,0.01,0.009,0.008,0.011,0.024,0.034,0.011,0.009,0.015,0.032,0.046,0.014,0.009,0.004,0.009	0.002
278	0,12,9,6,5,9,0,1,16,17,6,5,0,12,0,10	0,33,35,22,69,30,0,18,74,123,16,74,0,125,2,135	2,11,6,2,1,4,0,1,10,35,0,3,0,5,0,36	3,52,45,51,60,25,1,19,61,79,13,40,0,68,0,186	1150	269	NA,0.078,0.057,0.06,0.017,0.066,NA,0.013,0.048,0.031,0.081,0.016,NA,0.022,0.0,0.017	0.135,0.047,0.03,0.009,0.004,0.036,0.0,0.012,0.037,0.094,0.0,0.017,NA,0.017,NA,0.043	0.005
282	4,0,0,0,0,1,0,2,0,1,0,1,0,0,0,1	0,4,0,0,1,4,0,0,1,0,0,0,0,0,1,0	3,0,0,0,0,2,0,0,2,0,0,0,0,2,0,0	0,0,0,1,1,2,0,0,0,0,0,0,0,0,0,1	2745	269	1.0,0.0,NA,NA,0.0,0.024,NA,1.0,0.0,1.0,NA,1.0,NA,NA,0.0,1.0	1.0,NA,NA,0.0,0.0,0.089,NA,NA,1.0,NA,NA,NA,NA,1.0,NA,0.0	0.061
285	1,9,20,1,7,0,1,3,0,4,3,0,0,5,2,0	1,0,0,0,0,0,0,1,0,0,0,0,0,0,0,0	2,6,5,0,0,0,0,1,4,2,1,0,0,3,0,4	0,0,0,0,0,0,0,0,0,0,0,0,0,0,0,0	898	269	0.231,1.0,1.0,1.0,1.0,NA,1.0,0.473,NA,1.0,1.0,NA,NA,1.0,1.0,NA	1.0,1.0,1.0,NA,NA,NA,NA,1.0,1.0,1.0,1.0,NA,NA,1.0,NA,1.0	-0.118
286	14,104,142,32,91,80,39,59,104,106,113,78,4,154,30,111	0,0,1,0,0,0,0,0,0,0,0,0,0,0,0,0	21,112,76,58,65,62,24,40,115,143,172,104,9,95,22,107	0,0,0,0,0,0,0,0,0,0,0,0,0,0,0,0	1505	269	1.0,1.0,0.962,1.0,1.0,1.0,1.0,1.0,1.0,1.0,1.0,1.0,1.0,1.0,1.0,1.0	1.0,1.0,1.0,1.0,1.0,1.0,1.0,1.0,1.0,1.0,1.0,1.0,1.0,1.0,1.0,1.0	-0.002
287	0,0,0,0,1,6,2,1,2,7,0,2,0,8,0,1	3,8,10,17,23,35,5,30,8,74,25,77,0,61,25,85	0,1,0,1,3,1,0,2,0,4,1,0,0,2,1,12	6,2,0,4,31,20,5,46,12,23,24,25,0,54,9,84	345	269	0.0,0.0,0.0,0.0,0.033,0.118,0.238,0.025,0.163,0.069,0.0,0.02,NA,0.093,0.0,0.009	0.0,0.281,NA,0.163,0.07,0.038,0.0,0.033,0.0,0.119,0.031,0.0,NA,0.028,0.08,0.1	-0.016
299	1,5,3,0,10,3,6,3,0,29,12,4,0,8,0,7	6,31,34,20,39,39,31,17,73,49,97,38,0,85,9,49	1,0,1,5,10,4,5,9,7,24,18,2,0,6,2,2	19,20,20,30,64,30,29,62,107,59,121,20,1,50,10,49	444	269	0.092,0.089,0.051,0.0,0.134,0.045,0.105,0.097,0.0,0.264,0.07,0.06,NA,0.054,0.0,0.08	0.031,0.0,0.029,0.092,0.086,0.075,0.095,0.081,0.038,0.198,0.083,0.057,0.0,0.068,0.108,0.024	0.01
300	2,2,0,7,0,2,3,0,2,9,10,0,0,6,0,2	22,43,41,43,53,50,45,26,73,64,145,46,0,119,13,96	2,1,0,4,3,1,4,1,1,2,9,0,0,3,0,0	27,54,27,60,65,39,33,64,128,81,137,32,7,55,9,48	527	269	0.044,0.023,0.0,0.077,0.0,0.02,0.033,0.0,0.014,0.067,0.034,0.0,NA,0.025,0.0,0.011	0.036,0.009,0.0,0.033,0.023,0.013,0.058,0.008,0.004,0.012,0.032,0.0,0.0,0.027,0.0,0.0	0.007
302	3,3,6,5,14,8,1,9,8,27,16,7,0,7,2,16	502,1059,1017,847,1090,656,155,743,1896,1168,1541,1067,110,1450,562,1306	2,9,9,7,9,7,3,1,11,12,17,13,1,12,9,12	1185,1256,1035,1358,606,612,117,562,1506,907,1329,1084,96,859,396,1254	347	269	0.005,0.002,0.005,0.005,0.01,0.009,0.005,0.009,0.003,0.018,0.008,0.005,0.0,0.004,0.003,0.009	0.001,0.006,0.007,0.004,0.011,0.009,0.019,0.001,0.006,0.01,0.01,0.009,0.008,0.011,0.017,0.007	-0.002
307	0,0,1,1,0,0,0,1,1,3,0,2,1,0,0,3	0,0,0,0,3,0,1,0,0,3,0,0,1,1,0,1	0,0,0,4,0,1,1,0,0,0,2,0,0,0,0,0	3,1,0,3,0,0,0,2,0,0,1,0,0,0,0,3	407	269	NA,NA,1.0,1.0,0.0,NA,0.0,1.0,1.0,0.398,NA,1.0,0.398,0.0,NA,0.665	0.0,0.0,NA,0.468,NA,1.0,1.0,0.0,NA,NA,0.569,NA,NA,NA,NA,0.0	0.208
308	4,1,0,1,17,7,7,6,2,16,26,17,1,30,21,19	10,15,12,8,26,27,13,10,47,12,25,6,2,43,42,31	2,1,0,8,7,6,3,10,5,5,23,13,0,38,14,12	9,36,16,29,11,21,13,7,55,30,27,9,3,26,29,7	1133	269	0.087,0.016,0.0,0.029,0.134,0.058,0.113,0.125,0.01,0.24,0.198,0.402,0.106,0.142,0.106,0.127	0.05,0.007,0.0,0.061,0.131,0.064,0.052,0.253,0.021,0.038,0.168,0.255,0.0,0.258,0.103,0.289	0.009
310	0,0,0,0,0,1,0,0,0,2,0,0,0,0,2,0	0,1,6,0,9,19,2,4,2,21,15,6,1,22,27,14	0,1,0,0,0,0,1,0,0,0,1,1,0,1,2,0	0,6,6,3,8,10,0,7,1,29,11,0,0,16,26,20	371	269	NA,0.0,0.0,NA,0.0,0.037,0.0,0.0,0.0,0.065,0.0,0.0,0.0,0.0,0.051,0.0	NA,0.108,0.0,0.0,0.0,0.0,1.0,0.0,0.0,0.0,0.062,1.0,NA,0.043,0.053,0.0	-0.151
312	4,14,6,32,18,18,16,4,12,10,48,96,2,18,13,10	0,1,0,3,0,2,0,0,0,0,2,2,0,0,0,1	7,4,16,18,46,16,20,12,27,15,109,21,1,23,17,46	1,0,2,0,0,1,0,0,0,1,4,0,0,1,0,0	328	269	1.0,0.92,1.0,0.897,1.0,0.881,1.0,1.0,1.0,1.0,0.952,0.975,1.0,1.0,1.0,0.891	0.852,1.0,0.868,1.0,1.0,0.929,1.0,1.0,1.0,0.925,0.957,1.0,1.0,0.95,1.0,1.0	0.002
313	0,0,0,0,0,0,0,0,0,0,0,0,0,0,0,0	0,1,6,0,0,0,0,0,0,0,0,0,2,0,8,2	0,0,0,0,0,0,0,0,0,0,0,0,0,0,1,0	0,0,0,0,0,4,0,0,0,4,0,0,0,0,3,0	1017	269	NA,0.0,0.0,NA,NA,NA,NA,NA,NA,NA,NA,NA,0.0,NA,0.0,0.0	NA,NA,NA,NA,NA,0.0,NA,NA,NA,0.0,NA,NA,NA,NA,0.081,NA	-0.027
314	0,2,1,1,5,14,45,4,0,8,13,5,1,20,4,16	0,0,0,0,2,2,8,4,0,8,5,3,0,10,2,9	2,3,3,0,7,16,59,2,14,35,16,2,0,19,5,8	0,4,0,4,1,3,5,0,2,20,5,5,0,6,2,6	344	269	NA,1.0,1.0,1.0,0.662,0.846,0.815,0.439,NA,0.439,0.67,0.566,1.0,0.61,0.61,0.582	1.0,0.37,1.0,0.0,0.846,0.807,0.902,1.0,0.846,0.578,0.714,0.238,NA,0.712,0.662,0.51	0.052
315	0,0,3,1,2,1,0,0,3,5,0,0,0,9,0,8	0,4,1,1,4,1,0,0,0,14,0,0,0,8,0,24	1,0,1,0,0,5,0,2,0,1,0,0,1,10,0,10	6,0,0,1,0,1,0,3,6,0,0,1,0,20,1,7	394	269	NA,0.0,0.672,0.406,0.254,0.406,NA,NA,1.0,0.196,NA,NA,NA,0.434,NA,0.185	0.102,NA,1.0,0.0,NA,0.773,NA,0.313,0.0,1.0,NA,0.0,1.0,0.254,0.0,0.494	-0.017
317	1,0,0,0,0,19,0,0,0,0,0,0,0,1,2,2	0,0,0,0,0,2,1,0,0,0,0,0,0,0,0,0	0,0,0,0,0,10,3,0,2,0,0,0,0,5,5,0	2,0,0,0,0,0,0,0,0,0,0,0,2,0,0,0	342	269	1.0,NA,NA,NA,NA,0.882,0.0,NA,NA,NA,NA,NA,NA,1.0,1.0,1.0	0.0,NA,NA,NA,NA,1.0,1.0,NA,1.0,NA,NA,NA,0.0,1.0,1.0,NA	0.099
318	0,0,0,0,0,0,0,0,0,0,0,0,0,0,0,0	0,0,0,0,2,1,0,0,0,5,1,13,0,0,0,3	0,0,0,0,0,0,0,0,0,0,0,1,0,0,0,0	0,0,0,0,5,2,0,3,2,7,1,3,0,24,0,3	1439	269	NA,NA,NA,NA,0.0,0.0,NA,NA,NA,0.0,0.0,0.0,NA,NA,NA,0.0	NA,NA,NA,NA,0.0,0.0,NA,0.0,0.0,0.0,0.0,0.059,NA,0.0,NA,0.0	-0.007
320	2,5,4,3,6,28,14,3,1,15,22,27,0,18,13,8	16,14,4,12,72,92,73,80,11,55,249,371,12,179,115,76	1,3,1,4,14,11,8,10,3,20,17,7,0,15,5,27	21,10,10,27,100,87,67,100,10,45,252,222,14,94,104,98	377	269	0.082,0.203,0.416,0.151,0.056,0.178,0.12,0.026,0.061,0.163,0.059,0.049,0.0,0.067,0.075,0.07	0.033,0.176,0.067,0.096,0.091,0.083,0.079,0.067,0.176,0.241,0.046,0.022,0.0,0.102,0.033,0.164	0.019
330	0,0,0,1,0,0,1,0,0,0,0,2,0,1,1,0	0,0,0,0,0,0,0,0,0,0,1,0,0,0,0,0	0,0,1,0,0,0,0,0,0,0,1,0,0,0,0,0	0,0,0,0,0,0,0,0,0,0,2,0,0,0,0,0	1778	269	NA,NA,NA,1.0,NA,NA,1.0,NA,NA,NA,0.0,1.0,NA,1.0,1.0,NA	NA,NA,1.0,NA,NA,NA,NA,NA,NA,NA,0.07,NA,NA,NA,NA,NA	0.298
331	0,1,12,2,1,4,0,0,0,0,3,0,0,1,0,0	0,0,0,0,0,1,0,0,0,6,0,1,0,3,0,1	0,2,1,2,4,1,2,0,3,3,0,1,0,2,0,0	0,2,2,0,0,2,0,0,1,0,2,0,0,1,0,1	802	269	NA,1.0,1.0,1.0,1.0,0.573,NA,NA,NA,0.0,1.0,0.0,NA,0.101,NA,0.0	NA,0.251,0.144,1.0,1.0,0.144,1.0,NA,0.502,1.0,0.0,1.0,NA,0.401,NA,0.0	0.031
336	3,2,1,4,19,29,6,7,7,62,28,86,1,54,41,63	0,1,0,0,3,5,0,1,0,0,4,5,0,1,0,1	2,3,4,3,33,30,5,23,14,37,26,45,5,40,31,101	0,1,0,0,2,0,0,1,0,0,7,1,0,10,0,3	646	269	1.0,0.454,1.0,1.0,0.725,0.707,1.0,0.745,1.0,1.0,0.745,0.877,1.0,0.957,1.0,0.963	1.0,0.555,1.0,1.0,0.873,1.0,1.0,0.905,1.0,1.0,0.607,0.949,1.0,0.625,1.0,0.933	-0.017
337	0,0,0,0,0,0,0,0,0,0,0,0,0,0,0,0	0,0,0,0,0,0,1,0,0,0,0,0,0,0,0,0	0,0,0,0,0,0,3,0,0,0,0,0,0,0,0,0	0,0,0,0,0,0,0,0,0,0,0,0,0,0,0,0	1439	269	NA,NA,NA,NA,NA,NA,0.0,NA,NA,NA,NA,NA,NA,NA,NA,NA	NA,NA,NA,NA,NA,NA,1.0,NA,NA,NA,NA,NA,NA,NA,NA,NA	-1.0
343	0,48,88,0,0,26,2,0,2,0,0,1,0,7,4,0	0,0,2,0,0,0,0,0,0,0,0,0,0,0,0,0	0,48,90,0,0,16,0,0,0,0,0,0,0,2,0,2	0,1,0,0,0,0,0,0,0,0,0,0,0,0,0,0	404	269	NA,1.0,0.967,NA,NA,1.0,1.0,NA,1.0,NA,NA,1.0,NA,1.0,1.0,NA	NA,0.97,1.0,NA,NA,1.0,NA,NA,NA,NA,NA,NA,NA,1.0,NA,1.0	0.002
356	0,0,0,0,0,0,0,0,0,0,3,2,0,0,0,0	0,0,0,0,13,0,0,3,1,0,39,6,0,2,0,5	0,0,0,0,0,0,0,0,0,1,3,0,0,0,0,0	0,1,1,0,5,0,3,2,3,21,39,1,0,3,3,1	589	269	NA,NA,NA,NA,0.0,NA,NA,0.0,0.0,NA,0.034,0.132,NA,0.0,NA,0.0	NA,0.0,0.0,NA,0.0,NA,0.0,0.0,0.0,0.021,0.034,0.0,NA,0.0,0.0,0.0	0.019
359	0,0,0,0,0,0,6,0,0,0,17,1,0,0,0,1	0,0,0,0,0,0,0,0,0,0,5,0,0,0,0,0	0,0,3,0,3,0,3,0,0,0,18,3,0,0,0,0	0,0,0,0,0,0,1,0,0,0,8,0,0,0,0,0	1579	269	NA,NA,NA,NA,NA,NA,1.0,NA,NA,NA,0.367,1.0,NA,NA,NA,1.0	NA,NA,1.0,NA,1.0,NA,0.338,NA,NA,NA,0.277,1.0,NA,NA,NA,NA	0.119
360	0,0,0,0,0,0,2,0,0,0,6,1,0,0,0,0	0,0,0,0,0,0,12,0,0,0,84,0,0,0,0,0	0,0,3,0,0,0,2,0,0,0,8,3,0,0,0,0	0,0,0,0,5,0,16,0,0,0,82,0,0,0,0,3	1422	269	NA,NA,NA,NA,NA,NA,0.031,NA,NA,NA,0.013,1.0,NA,NA,NA,NA	NA,NA,1.0,NA,0.0,NA,0.023,NA,NA,NA,0.018,1.0,NA,NA,NA,0.0	0.008
384	0,0,0,0,0,0,0,0,0,1,0,1,0,0,0,0	0,0,0,0,0,0,0,0,0,0,0,0,0,0,0,0	0,0,0,0,0,0,0,0,0,2,0,1,0,0,0,0	0,0,0,0,0,0,0,0,0,3,0,0,0,0,0,0	337	269	NA,NA,NA,NA,NA,NA,NA,NA,NA,1.0,NA,1.0,NA,NA,NA,NA	NA,NA,NA,NA,NA,NA,NA,NA,NA,0.347,NA,1.0,NA,NA,NA,NA	0.327
385	0,0,0,0,0,0,0,0,0,1,0,3,0,0,0,0	0,0,0,0,0,0,0,0,0,0,0,0,0,0,0,0	0,0,0,0,0,0,0,0,0,4,0,1,0,0,0,0	0,0,0,0,0,0,0,0,0,0,0,1,0,0,0,0	344	269	NA,NA,NA,NA,NA,NA,NA,NA,NA,1.0,NA,1.0,NA,NA,NA,NA	NA,NA,NA,NA,NA,NA,NA,NA,NA,1.0,NA,0.439,NA,NA,NA,NA	0.28
386	1,0,0,1,0,3,0,0,0,0,1,1,0,0,6,1	0,2,0,0,0,2,0,0,0,0,0,2,0,1,3,0	0,0,1,0,0,4,0,0,0,0,0,1,2,0,0,0	0,0,0,0,0,3,0,0,0,0,0,0,0,0,3,0	368	269	1.0,0.0,NA,1.0,NA,0.523,NA,NA,NA,NA,1.0,0.268,NA,0.0,0.594,1.0	NA,NA,1.0,NA,NA,0.494,NA,NA,NA,NA,NA,1.0,1.0,NA,0.0,NA	-0.1
387	17,19,27,22,8,123,0,2,17,34,12,28,4,39,130,56	1,0,0,0,3,5,2,2,0,0,0,0,0,0,3,1	6,8,31,41,19,128,4,2,22,46,2,1,12,35,96,66	0,2,1,5,0,2,0,0,2,2,0,0,0,1,4,4	350	269	0.929,1.0,1.0,1.0,0.672,0.95,0.0,0.435,1.0,1.0,1.0,1.0,1.0,1.0,0.971,0.977	1.0,0.755,0.96,0.863,1.0,0.98,1.0,1.0,0.894,0.946,1.0,1.0,1.0,0.964,0.949,0.927	-0.081
389	0,2,0,1,0,0,1,0,1,1,1,4,0,0,1,1	22,46,49,71,54,36,43,30,36,89,75,55,3,107,14,100	0,6,1,1,1,2,1,0,0,7,1,0,0,1,0,2	7,48,66,63,80,37,20,36,38,36,97,43,3,96,27,112	341	269	0.0,0.033,0.0,0.011,0.0,0.0,0.018,0.0,0.021,0.009,0.01,0.054,0.0,0.0,0.053,0.008	0.0,0.09,0.012,0.012,0.01,0.041,0.038,0.0,0.0,0.133,0.008,0.0,0.0,0.008,0.0,0.014	-0.009
392	0,0,0,0,0,3,9,0,0,0,0,8,0,0,0,0	0,0,1,1,2,0,40,1,8,0,6,18,1,6,13,8	0,0,0,0,0,0,0,0,0,0,2,0,0,0,0,1	0,0,0,1,5,0,22,4,5,4,14,7,0,8,7,7	1929	269	NA,NA,0.0,0.0,0.0,1.0,0.03,0.0,0.0,NA,0.0,0.058,0.0,0.0,0.0,0.0	NA,NA,NA,0.0,0.0,NA,0.0,0.0,0.0,0.0,0.02,0.0,NA,0.0,0.0,0.02	0.08
393	7,15,12,22,47,178,10,27,7,96,94,363,0,80,18,90	0,0,2,1,1,3,0,2,2,1,8,4,0,0,2,0	0,16,17,7,153,151,3,43,0,92,146,194,1,206,16,194	0,0,0,2,4,6,0,0,0,0,2,6,0,8,0,6	353	269	1.0,1.0,0.821,0.944,0.973,0.978,1.0,0.911,0.727,0.987,0.9,0.986,NA,1.0,0.873,1.0	NA,1.0,1.0,0.727,0.967,0.95,1.0,1.0,NA,1.0,0.982,0.961,1.0,0.952,1.0,0.961	-0.024
395	2,6,2,2,36,7,5,18,2,38,24,35,0,24,5,13	0,2,2,2,27,23,6,20,8,29,52,73,0,41,4,24	2,0,2,0,20,13,2,20,0,15,50,21,0,21,17,39	3,6,7,10,39,25,5,30,2,32,75,37,0,40,11,38	496	269	1.0,0.619,0.352,0.352,0.42,0.142,0.311,0.328,0.119,0.415,0.2,0.206,NA,0.241,0.404,0.227	0.266,0.0,0.134,0.0,0.218,0.22,0.178,0.266,0.0,0.203,0.266,0.235,NA,0.222,0.456,0.358	0.154
399	16,17,28,11,21,10,7,5,22,47,23,19,2,28,1,39	151,273,495,301,811,431,221,256,750,1144,1311,698,23,1251,110,1002	15,21,22,17,7,8,7,3,31,37,21,21,0,19,3,25	175,379,367,475,462,295,179,243,1118,918,813,705,21,471,88,721	447	269	0.06,0.036,0.033,0.022,0.015,0.014,0.019,0.012,0.017,0.024,0.01,0.016,0.05,0.013,0.005,0.023	0.049,0.032,0.035,0.021,0.009,0.016,0.023,0.007,0.016,0.024,0.015,0.018,0.0,0.024,0.02,0.02	0.002
400	20,22,55,18,43,25,13,15,62,93,91,31,2,73,4,59	0,0,0,0,0,0,0,0,0,0,0,0,0,0,0,0	21,40,31,40,21,15,10,15,77,89,49,54,1,35,7,48	0,2,0,0,0,0,0,0,0,0,0,0,0,0,0,0	439	269	1.0,1.0,1.0,1.0,1.0,1.0,1.0,1.0,1.0,1.0,1.0,1.0,1.0,1.0,1.0,1.0	1.0,0.925,1.0,1.0,1.0,1.0,1.0,1.0,1.0,1.0,1.0,1.0,1.0,1.0,1.0,1.0	0.005
401	38,68,113,67,99,71,65,53,183,192,293,119,1,200,8,143	121,461,654,266,526,334,140,162,1054,839,649,472,16,883,73,850	49,139,77,93,67,59,21,34,247,178,133,102,3,78,16,82	173,630,520,600,244,253,102,122,1292,635,346,472,7,334,71,545	392	269	0.177,0.092,0.106,0.147,0.114,0.127,0.242,0.183,0.106,0.136,0.237,0.147,0.041,0.135,0.07,0.103	0.163,0.131,0.092,0.096,0.159,0.138,0.124,0.161,0.116,0.161,0.209,0.129,0.227,0.138,0.134,0.094	-0.007
402	31,51,112,30,76,47,25,22,109,143,164,65,2,132,9,102	275,740,1047,559,943,528,301,292,1870,1356,1415,786,27,1477,119,1252	35,78,52,69,27,34,14,19,134,117,72,68,1,50,7,63	440,1031,706,1092,426,446,211,244,2041,1058,734,668,24,554,89,805	458	269	0.062,0.039,0.059,0.031,0.045,0.05,0.047,0.042,0.033,0.058,0.064,0.046,0.042,0.05,0.043,0.046	0.045,0.043,0.041,0.036,0.036,0.043,0.038,0.044,0.037,0.061,0.054,0.056,0.024,0.05,0.044,0.044	0.004
403	28,50,101,26,63,43,23,21,91,130,135,56,2,111,6,82	1,0,2,0,0,0,2,1,0,0,2,1,1,3,0,0	30,65,48,66,25,28,11,18,116,103,68,61,1,47,7,52	0,3,1,1,2,0,0,0,0,0,0,0,0,0,0,0	449	269	0.944,1.0,0.968,1.0,1.0,1.0,0.873,0.926,1.0,1.0,0.976,0.971,0.545,0.957,1.0,1.0	1.0,0.928,0.966,0.975,0.882,1.0,1.0,1.0,1.0,1.0,1.0,1.0,1.0,1.0,1.0,1.0	-0.037
404	20,22,55,16,36,28,10,16,58,94,96,29,1,67,6,48	407,930,1740,715,1569,592,394,399,2397,2056,2094,984,45,2149,151,1804	25,37,29,37,21,13,6,15,85,81,43,51,1,30,6,42	582,1309,874,1354,566,461,293,321,2519,1387,977,772,42,737,134,968	716	269	0.018,0.009,0.012,0.008,0.009,0.017,0.009,0.015,0.009,0.017,0.017,0.011,0.008,0.012,0.015,0.01	0.016,0.011,0.012,0.01,0.014,0.01,0.008,0.017,0.013,0.021,0.016,0.024,0.009,0.015,0.017,0.016	-0.002
405	32,63,80,39,60,28,14,16,122,107,124,35,2,93,8,60	387,875,1752,744,1488,574,375,369,2322,1897,1962,1046,54,1965,153,1644	62,73,50,71,29,24,12,14,148,98,55,56,3,40,6,55	607,1271,890,1319,508,473,294,303,2318,1252,854,761,47,646,139,844	456	269	0.047,0.041,0.026,0.03,0.023,0.028,0.022,0.025,0.03,0.032,0.036,0.019,0.021,0.027,0.03,0.021	0.057,0.033,0.032,0.031,0.033,0.029,0.024,0.027,0.036,0.044,0.037,0.042,0.036,0.035,0.025,0.037	-0.006
415	0,0,1,0,0,0,2,0,1,0,0,0,0,2,0,0	388,507,444,863,848,663,397,693,908,575,1250,1281,156,1113,775,755	0,0,0,0,0,1,0,0,3,0,0,0,0,1,0,0	566,585,782,1006,697,618,339,575,830,378,962,1010,137,686,639,659	932	269	0.0,0.0,0.001,0.0,0.0,0.0,0.001,0.0,0.0,0.0,0.0,0.0,0.0,0.001,0.0,0.0	0.0,0.0,0.0,0.0,0.0,0.0,0.0,0.0,0.001,0.0,0.0,0.0,0.0,0.0,0.0,0.0	0.0
416	0,0,0,0,0,0,2,0,0,0,0,0,0,0,0,0	0,0,0,0,0,0,50,0,0,0,0,0,0,0,0,0	0,0,0,0,0,0,5,0,0,0,0,0,0,0,0,0	0,0,0,0,0,0,62,0,0,0,0,0,0,0,0,0	415	269	NA,NA,NA,NA,NA,NA,0.025,NA,NA,NA,NA,NA,NA,NA,NA,NA	NA,NA,NA,NA,NA,NA,0.05,NA,NA,NA,NA,NA,NA,NA,NA,NA	-0.025
418	0,1,0,0,0,0,0,0,0,2,1,2,0,0,0,5	0,1,0,0,0,0,0,0,0,0,0,0,0,0,0,0	0,0,1,0,0,0,0,0,1,1,0,1,0,0,0,2	0,1,0,0,0,0,0,4,0,0,0,0,0,1,0,0	1216	269	NA,0.181,NA,NA,NA,NA,NA,NA,NA,1.0,1.0,1.0,NA,NA,NA,1.0	NA,0.0,1.0,NA,NA,NA,NA,0.0,1.0,1.0,NA,1.0,NA,0.0,NA,1.0	0.211
422	0,0,0,0,0,0,0,0,0,0,0,0,0,0,0,0	0,0,0,0,0,3,0,0,0,0,3,0,0,0,0,0	0,0,0,0,0,0,0,0,0,0,0,0,0,0,2,0	0,0,0,0,0,0,1,0,0,0,2,0,0,0,0,0	347	269	NA,NA,NA,NA,NA,0.0,NA,NA,NA,NA,0.0,NA,NA,NA,NA,NA	NA,NA,NA,NA,NA,NA,0.0,NA,NA,NA,0.0,NA,NA,NA,1.0,NA	-0.333
423	0,0,3,4,21,4,0,1,15,11,3,1,0,6,0,1	0,0,0,0,0,0,0,0,0,1,0,0,0,0,0,0	0,5,1,7,21,4,0,3,2,23,3,5,1,4,1,14	0,0,0,0,0,0,0,0,0,0,1,0,0,0,0,0	359	269	NA,NA,1.0,1.0,1.0,1.0,NA,1.0,1.0,0.892,1.0,1.0,NA,1.0,NA,1.0	NA,1.0,1.0,1.0,1.0,1.0,NA,1.0,1.0,1.0,0.692,1.0,1.0,1.0,1.0,1.0	0.012
426	0,2,0,1,2,0,1,1,1,3,18,16,0,8,0,7	11,38,35,13,69,47,34,20,42,72,212,102,1,99,13,88	0,2,0,2,2,2,0,7,2,3,9,4,0,2,0,4	6,29,52,45,40,42,34,42,106,75,226,65,0,65,5,73	470	269	0.0,0.029,0.0,0.042,0.016,0.0,0.017,0.028,0.013,0.023,0.046,0.082,0.0,0.044,0.0,0.044	0.0,0.038,0.0,0.025,0.028,0.027,0.0,0.087,0.011,0.022,0.022,0.034,NA,0.017,0.0,0.03	0.001
427	0,0,1,0,4,0,5,0,5,1,10,1,0,9,0,10	7,30,29,9,65,39,31,24,27,67,198,112,0,100,12,54	0,0,0,1,2,1,4,3,4,1,6,4,0,4,0,2	7,25,40,37,30,36,29,42,88,76,196,62,1,44,4,54	470	269	0.0,0.0,0.019,0.0,0.034,0.0,0.085,0.0,0.096,0.008,0.028,0.005,NA,0.049,0.0,0.096	0.0,0.0,0.0,0.015,0.037,0.016,0.073,0.039,0.025,0.007,0.017,0.036,0.0,0.049,0.0,0.021	0.007
428	0,1,1,0,5,3,8,3,7,11,20,13,0,14,1,16	0,0,0,0,0,0,0,0,0,0,0,0,0,0,0,1	0,0,0,1,4,1,3,3,5,4,22,7,0,4,1,9	0,0,0,0,0,0,0,0,0,0,0,0,0,0,0,0	859	269	NA,1.0,1.0,NA,1.0,1.0,1.0,1.0,1.0,1.0,1.0,1.0,NA,1.0,1.0,0.834	NA,NA,NA,1.0,1.0,1.0,1.0,1.0,1.0,1.0,1.0,1.0,NA,1.0,1.0,1.0	-0.013
429	0,4,0,2,11,5,9,7,2,14,44,47,0,14,1,13	3,23,23,4,31,24,27,21,31,64,140,54,0,71,11,31	1,3,5,3,9,3,6,6,16,25,48,7,1,10,1,15	7,14,32,26,29,38,27,18,54,45,129,47,0,37,5,35	600	269	0.0,0.072,0.0,0.183,0.137,0.085,0.13,0.13,0.028,0.089,0.124,0.281,NA,0.081,0.039,0.158	0.06,0.088,0.065,0.049,0.122,0.034,0.091,0.13,0.117,0.199,0.143,0.063,1.0,0.108,0.082,0.161	-0.055
431	0,1,4,0,6,5,1,0,0,1,5,3,1,4,1,5	0,0,0,0,0,0,0,1,0,0,0,0,0,0,0,0	2,1,3,1,10,4,4,0,0,0,4,0,1,2,1,7	0,0,0,0,0,0,0,0,0,0,0,0,0,1,0,0	332	269	NA,1.0,1.0,NA,1.0,1.0,1.0,0.0,NA,1.0,1.0,1.0,1.0,1.0,1.0,1.0	1.0,1.0,1.0,1.0,1.0,1.0,1.0,NA,NA,NA,1.0,NA,1.0,0.618,1.0,1.0	-0.045
432	0,12,4,5,0,9,0,0,5,5,4,2,0,2,1,1	13,10,12,15,28,123,2,30,16,36,28,187,12,58,55,72	0,10,10,1,6,4,0,1,6,6,3,1,0,3,1,4	2,16,20,10,82,123,5,47,3,39,26,81,3,72,45,78	1635	269	0.0,0.165,0.052,0.052,0.0,0.012,0.0,0.0,0.049,0.022,0.023,0.002,0.0,0.006,0.003,0.002	0.0,0.093,0.076,0.016,0.012,0.005,0.0,0.003,0.248,0.025,0.019,0.002,0.0,0.007,0.004,0.008	-0.008
433	0,12,4,5,0,9,0,0,5,5,4,2,0,2,1,1	0,0,0,0,0,0,0,0,0,0,0,0,0,0,0,0	0,10,10,1,6,4,0,1,6,6,3,1,0,3,1,4	0,2,0,0,0,0,0,0,0,0,0,0,0,0,0,0	531	269	NA,1.0,1.0,1.0,NA,1.0,NA,NA,1.0,1.0,1.0,1.0,NA,1.0,1.0,1.0	NA,0.717,1.0,1.0,1.0,1.0,NA,1.0,1.0,1.0,1.0,1.0,NA,1.0,1.0,1.0	0.022
437	0,0,0,0,1,0,3,0,3,2,1,0,0,0,0,3	0,0,0,0,0,0,9,0,1,6,8,3,0,4,0,9	0,0,0,0,0,0,2,1,3,2,0,0,0,0,0,2	0,0,0,0,4,0,6,0,1,6,8,9,0,1,0,6	531	269	NA,NA,NA,NA,1.0,NA,0.144,NA,0.603,0.144,0.06,0.0,NA,0.0,NA,0.144	NA,NA,NA,NA,0.0,NA,0.144,1.0,0.603,0.144,0.0,0.0,NA,0.0,NA,0.144	0.036
438	0,0,0,0,1,0,3,0,3,2,1,0,0,0,0,3	0,0,0,1,17,0,66,0,2,72,70,24,0,16,0,56	0,0,0,0,0,0,2,1,3,2,0,0,0,0,0,2	0,0,1,0,21,0,33,0,0,42,58,10,0,19,0,40	501	269	NA,NA,NA,0.0,0.031,NA,0.024,NA,0.446,0.015,0.008,0.0,NA,0.0,NA,0.028	NA,NA,0.0,NA,0.0,NA,0.032,1.0,1.0,0.025,0.0,0.0,NA,0.0,NA,0.026	-0.147
439	0,0,0,0,1,0,3,0,3,2,1,0,0,0,0,3	0,0,0,0,0,0,0,0,0,0,0,0,0,0,0,0	0,0,0,0,0,0,2,1,3,2,0,0,0,0,0,2	0,0,0,0,0,0,0,0,0,0,0,0,0,0,0,1	572	269	NA,NA,NA,NA,1.0,NA,1.0,NA,1.0,1.0,1.0,NA,NA,NA,NA,1.0	NA,NA,NA,NA,NA,NA,1.0,1.0,1.0,1.0,NA,NA,NA,NA,NA,0.485	0.103
440	0,0,0,0,1,0,3,0,3,2,1,0,0,0,0,3	0,0,0,0,0,0,0,0,0,0,0,0,0,0,0,0	0,0,0,0,0,0,2,1,3,2,0,0,0,0,0,2	0,0,0,0,1,0,2,0,0,0,0,0,0,0,0,0	542	269	NA,NA,NA,NA,1.0,NA,1.0,NA,1.0,1.0,1.0,NA,NA,NA,NA,1.0	NA,NA,NA,NA,0.0,NA,0.332,1.0,1.0,1.0,NA,NA,NA,NA,NA,1.0	0.278
445	0,1,0,4,6,1,0,0,3,2,12,6,0,8,2,7	17,75,82,88,250,108,58,272,124,200,542,268,5,303,101,333	1,0,0,0,5,3,3,6,2,1,3,7,0,3,2,5	50,59,81,126,240,120,50,291,108,191,458,286,5,240,88,304	383	269	0.0,0.009,0.0,0.031,0.017,0.006,0.0,0.0,0.017,0.007,0.015,0.015,0.0,0.018,0.014,0.015	0.014,0.0,0.0,0.0,0.014,0.017,0.04,0.014,0.013,0.004,0.005,0.017,0.0,0.009,0.016,0.011	-0.001
447	0,0,0,1,0,1,2,0,0,0,3,2,0,2,0,2	1,16,10,4,16,23,7,15,5,43,67,139,1,40,8,50	0,3,0,1,2,1,2,0,0,0,3,1,0,0,0,5	0,10,5,1,67,51,7,41,14,34,77,63,0,93,5,124	541	269	0.0,0.0,0.0,0.111,0.0,0.021,0.124,0.0,0.0,0.0,0.022,0.007,0.0,0.024,0.0,0.02	NA,0.13,0.0,0.332,0.015,0.01,0.124,0.0,0.0,0.0,0.019,0.008,NA,0.0,0.0,0.02	-0.026
452	0,0,0,3,0,0,0,0,0,0,0,1,0,0,0,0	0,0,0,0,0,4,0,0,0,0,0,3,0,0,0,2	0,0,1,0,1,2,0,0,0,0,0,0,0,0,0,0	0,0,0,0,0,2,0,0,1,0,2,0,0,1,0,0	395	269	NA,NA,NA,1.0,NA,0.0,NA,NA,NA,NA,NA,0.185,NA,NA,NA,0.0	NA,NA,1.0,NA,1.0,0.405,NA,NA,0.0,NA,0.0,NA,NA,0.0,NA,NA	-0.105
465	0,0,2,0,0,0,0,0,0,0,0,0,0,0,0,0	0,0,0,0,0,0,0,0,2,0,0,0,0,0,0,0	0,0,6,0,0,0,0,0,0,0,0,0,0,0,0,0	0,0,0,0,0,0,0,0,0,0,0,0,0,0,0,0	1087	269	NA,NA,1.0,NA,NA,NA,NA,NA,0.0,NA,NA,NA,NA,NA,NA,NA	NA,NA,1.0,NA,NA,NA,NA,NA,NA,NA,NA,NA,NA,NA,NA,NA	-0.5
466	0,0,2,0,0,0,0,0,0,0,0,0,0,0,0,0	0,0,2,0,1,0,0,0,0,0,0,0,0,0,0,0	0,0,6,0,0,0,0,0,0,0,0,0,0,0,0,0	0,0,0,0,0,1,0,0,0,0,0,0,0,0,0,0	1084	269	NA,NA,0.199,NA,0.0,NA,NA,NA,NA,NA,NA,NA,NA,NA,NA,NA	NA,NA,1.0,NA,NA,0.0,NA,NA,NA,NA,NA,NA,NA,NA,NA,NA	-0.4
480	0,0,0,0,5,0,0,3,0,4,6,3,0,4,0,2	1,3,3,5,157,40,4,209,23,76,246,296,2,259,49,132	0,0,0,0,2,3,0,1,0,2,2,0,0,1,0,4	1,5,1,3,213,53,8,242,16,65,325,113,0,190,51,138	845	269	0.0,0.0,0.0,0.0,0.01,0.0,0.0,0.005,0.0,0.016,0.008,0.003,0.0,0.005,0.0,0.005	0.0,0.0,0.0,0.0,0.003,0.018,0.0,0.001,0.0,0.01,0.002,0.0,NA,0.002,0.0,0.009	0.0
482	1,2,3,3,2,0,0,0,0,0,4,4,0,3,0,1	0,3,0,0,0,0,0,0,0,1,1,4,1,1,0,1	0,0,1,0,3,2,0,1,2,2,2,0,0,1,0,9	0,0,1,0,1,4,0,1,0,1,6,0,0,3,0,12	386	269	1.0,0.317,1.0,1.0,1.0,NA,NA,NA,NA,0.0,0.736,0.411,0.0,0.676,NA,0.411	NA,NA,0.411,NA,0.676,0.258,NA,0.411,1.0,0.582,0.189,NA,NA,0.189,NA,0.343	0.145
488	0,1,0,2,0,0,1,0,0,0,0,0,0,0,0,0	29,37,96,28,6,4,13,0,29,12,4,8,11,6,6,3	1,0,0,0,0,0,0,0,0,0,0,0,0,0,0,0	95,65,70,13,0,9,10,0,13,2,3,0,13,4,6,5	2428	269	0.0,0.003,0.0,0.008,0.0,0.0,0.008,NA,0.0,0.0,0.0,0.0,0.0,0.0,0.0,0.0	0.001,0.0,0.0,0.0,NA,0.0,0.0,NA,0.0,0.0,0.0,NA,0.0,0.0,0.0,0.0	0.001
497	0,0,0,0,0,0,0,0,0,0,0,0,0,0,0,0	0,0,0,0,0,0,0,0,0,0,0,0,0,0,0,1	0,0,0,0,0,0,0,0,0,1,0,0,0,0,0,0	0,0,0,0,0,0,0,0,0,0,0,0,0,0,0,0	1797	269	NA,NA,NA,NA,NA,NA,NA,NA,NA,NA,NA,NA,NA,NA,NA,0.0	NA,NA,NA,NA,NA,NA,NA,NA,NA,1.0,NA,NA,NA,NA,NA,NA	-1.0
502	0,4,0,0,5,14,2,3,0,6,28,6,0,12,3,16	1,2,0,3,24,19,5,7,8,34,68,36,0,34,9,36	1,1,2,2,16,6,2,7,3,13,16,2,0,11,3,9	1,8,3,2,30,8,11,20,2,22,46,16,1,13,7,16	356	269	0.0,0.602,NA,0.0,0.136,0.358,0.232,0.245,0.0,0.118,0.237,0.112,NA,0.211,0.201,0.251	0.43,0.086,0.335,0.43,0.287,0.362,0.121,0.209,0.531,0.309,0.208,0.086,0.0,0.39,0.245,0.298	-0.077
507	0,0,0,1,3,0,1,0,3,1,0,0,0,2,0,2	0,0,0,0,2,0,4,0,4,25,3,1,0,5,0,19	0,0,0,0,0,0,1,0,2,2,1,0,0,0,0,1	1,0,0,0,3,1,3,0,7,9,2,0,0,2,0,18	368	269	NA,NA,NA,1.0,0.523,NA,0.155,NA,0.354,0.028,0.0,0.0,NA,0.226,NA,0.071	0.0,NA,NA,NA,0.0,0.0,0.196,NA,0.173,0.14,0.268,NA,NA,0.0,NA,0.039	0.171
508	3,10,11,7,6,7,2,0,17,16,8,3,0,14,1,12	35,102,143,183,321,169,33,213,367,459,403,271,4,541,41,517	2,15,12,9,6,13,0,1,18,22,8,5,0,9,0,16	105,215,212,254,275,166,42,240,307,379,415,237,2,325,54,510	344	269	0.063,0.071,0.057,0.029,0.014,0.031,0.045,0.0,0.035,0.027,0.015,0.009,0.0,0.02,0.019,0.018	0.015,0.052,0.042,0.027,0.017,0.058,0.0,0.003,0.044,0.043,0.015,0.016,0.0,0.021,0.0,0.024	0.005
509	0,0,0,0,0,0,30,1,0,0,3,1,0,0,0,0	1,0,9,1,33,50,5049,41,0,24,864,139,3,36,26,67	0,0,0,0,1,0,55,1,0,0,1,1,0,0,0,0	0,3,1,1,95,48,5079,61,3,34,889,69,1,62,27,72	706	269	0.0,NA,0.0,0.0,0.0,0.0,0.002,0.009,NA,0.0,0.001,0.003,0.0,0.0,0.0,0.0	NA,0.0,0.0,0.0,0.004,0.0,0.004,0.006,0.0,0.0,0.0,0.005,0.0,0.0,0.0,0.0	-0.0
510	0,1,0,1,0,2,1,2,1,0,9,5,0,1,2,1	1,6,14,2,30,14,1,25,12,21,57,74,1,37,20,18	0,1,0,1,2,4,0,2,0,3,3,4,1,2,1,8	0,5,5,3,56,20,4,17,8,13,39,42,0,40,21,51	345	269	0.0,0.115,0.0,0.281,0.0,0.1,0.438,0.059,0.061,0.0,0.11,0.05,0.0,0.021,0.072,0.042	NA,0.135,0.0,0.206,0.027,0.135,0.0,0.084,0.0,0.152,0.057,0.069,1.0,0.038,0.036,0.109	-0.052
511	0,0,0,0,0,0,0,0,0,4,0,0,0,0,0,3	0,0,0,0,2,5,0,1,3,2,14,20,0,12,2,5	0,0,0,0,1,0,1,0,0,5,0,0,0,2,0,0	0,0,0,0,5,1,0,2,1,2,3,6,1,13,0,13	1853	269	NA,NA,NA,NA,0.0,0.0,NA,0.0,0.0,0.225,0.0,0.0,NA,0.0,0.0,0.08	NA,NA,NA,NA,0.028,0.0,1.0,0.0,0.0,0.266,0.0,0.0,0.0,0.022,NA,0.0	-0.089
512	2,27,15,25,153,119,37,63,15,258,351,202,4,266,70,270	0,0,1,0,18,3,1,12,0,8,36,19,0,18,5,13	3,38,64,24,157,132,25,114,38,177,369,170,2,154,48,353	0,3,1,3,7,3,0,15,0,21,33,7,0,9,0,15	398	269	1.0,1.0,0.91,1.0,0.852,0.964,0.962,0.78,1.0,0.956,0.868,0.878,1.0,0.909,0.904,0.933	1.0,0.895,0.977,0.844,0.938,0.967,1.0,0.837,1.0,0.851,0.883,0.943,1.0,0.92,1.0,0.941	-0.005
513	0,0,0,6,3,7,0,1,1,0,1,3,0,0,2,0	0,0,0,1,0,0,0,0,0,0,1,5,0,0,0,0	0,0,0,6,0,0,0,0,4,0,0,2,1,1,5,0	0,0,0,2,0,0,0,0,0,0,0,0,0,0,0,0	437	269	NA,NA,NA,0.787,1.0,1.0,NA,1.0,1.0,NA,0.381,0.27,NA,NA,1.0,NA	NA,NA,NA,0.649,NA,NA,NA,NA,1.0,NA,NA,1.0,1.0,1.0,1.0,NA	-0.137
518	7,61,76,29,56,24,20,30,98,117,119,45,5,91,12,126	33,188,183,130,190,102,79,135,360,318,469,161,5,332,73,351	52,88,78,57,65,33,10,43,103,159,81,21,1,88,13,128	169,319,259,225,204,74,76,154,213,210,436,131,11,256,77,346	479	269	0.106,0.154,0.189,0.111,0.142,0.117,0.124,0.111,0.133,0.171,0.125,0.136,0.36,0.133,0.085,0.168	0.147,0.134,0.145,0.125,0.152,0.2,0.069,0.136,0.214,0.298,0.094,0.083,0.049,0.162,0.087,0.172	0.006
520	1,14,1,12,3,7,1,5,7,1,42,2,1,17,1,15	57,214,310,274,163,242,77,142,572,185,324,243,17,313,119,230	4,10,15,3,2,8,6,1,4,8,8,2,0,5,4,7	238,210,257,464,151,213,48,154,521,211,323,189,23,178,110,324	583	269	0.008,0.029,0.001,0.02,0.008,0.013,0.006,0.016,0.006,0.002,0.056,0.004,0.026,0.024,0.004,0.029	0.008,0.021,0.026,0.003,0.006,0.017,0.055,0.003,0.004,0.017,0.011,0.005,0.0,0.013,0.017,0.01	0.002
521	1,5,5,11,3,4,5,3,19,8,16,3,1,7,3,14	4,2,5,0,0,0,3,1,0,0,0,0,0,0,0,0	15,4,14,13,3,9,2,8,17,9,16,7,0,9,2,14	2,7,4,0,0,11,1,0,0,0,1,0,1,0,1,0	1389	269	0.046,0.326,0.162,1.0,1.0,1.0,0.244,0.367,1.0,1.0,1.0,1.0,1.0,1.0,1.0,1.0	0.592,0.1,0.404,1.0,1.0,0.137,0.279,1.0,1.0,1.0,0.756,1.0,0.0,1.0,0.279,1.0	0.1
528	6,6,1,5,3,39,6,0,2,28,5,27,1,11,5,13	12,11,8,13,54,105,42,33,16,40,205,252,5,60,44,97	0,11,4,9,9,22,2,4,5,21,15,1,1,15,4,9	0,13,7,4,114,96,36,57,9,47,240,84,3,106,19,156	2034	269	0.062,0.067,0.016,0.048,0.007,0.047,0.019,0.0,0.016,0.085,0.003,0.014,0.026,0.024,0.015,0.017	NA,0.101,0.07,0.229,0.01,0.029,0.007,0.009,0.068,0.056,0.008,0.002,0.042,0.018,0.027,0.008	-0.016
531	0,0,0,0,2,0,0,4,1,0,9,22,0,1,0,4	0,0,0,0,0,0,0,0,0,3,0,2,0,2,0,0	0,1,0,4,4,0,1,4,1,2,13,24,0,6,0,13	0,0,0,0,1,0,0,0,0,0,1,3,0,4,0,0	471	269	NA,NA,NA,NA,1.0,NA,NA,1.0,1.0,0.0,1.0,0.863,NA,0.222,NA,1.0	NA,1.0,NA,1.0,0.696,NA,1.0,1.0,1.0,1.0,0.881,0.82,NA,0.461,NA,1.0	-0.136
533	4,6,8,21,26,18,1,16,16,21,16,52,3,47,24,18	0,0,0,4,0,0,0,0,0,0,0,2,0,1,0,0	0,3,4,24,34,20,0,39,14,4,6,42,1,24,17,37	0,0,0,0,2,0,0,0,0,0,0,1,0,1,0,1	389	269	1.0,1.0,1.0,0.784,1.0,1.0,1.0,1.0,1.0,1.0,1.0,0.947,1.0,0.97,1.0,1.0	NA,1.0,1.0,1.0,0.922,1.0,NA,1.0,1.0,1.0,1.0,0.967,1.0,0.943,1.0,0.962	-0.004
535	0,0,0,0,0,0,1,0,0,0,1,1,0,0,0,0	2,22,18,11,28,6,19,21,23,33,70,134,0,27,20,44	0,0,0,0,0,1,0,0,0,0,1,0,0,0,0,0	2,14,17,10,54,12,18,31,31,52,99,91,3,57,14,41	681	269	0.0,0.0,0.0,0.0,0.0,0.0,0.02,0.0,0.0,0.0,0.006,0.003,NA,0.0,0.0,0.0	0.0,0.0,0.0,0.0,0.0,0.032,0.0,0.0,0.0,0.0,0.004,0.0,0.0,0.0,0.0,0.0	-0.0
536	0,0,0,0,0,0,0,0,0,0,0,0,0,0,0,0	18,45,35,37,72,49,559,31,49,92,508,136,2,92,26,160	0,0,0,0,0,0,2,0,0,0,0,0,0,0,0,0	6,54,37,19,89,61,477,43,73,141,578,60,3,117,21,194	1269	269	0.0,0.0,0.0,0.0,0.0,0.0,0.0,0.0,0.0,0.0,0.0,0.0,0.0,0.0,0.0,0.0	0.0,0.0,0.0,0.0,0.0,0.0,0.001,0.0,0.0,0.0,0.0,0.0,0.0,0.0,0.0,0.0	-0.0
537	0,0,0,1,1,3,2,0,0,0,2,1,0,0,0,2	17,39,29,22,83,160,53,96,12,214,279,306,11,188,106,311	0,0,0,0,1,1,0,1,0,1,0,3,0,0,2,0	1,15,26,31,195,172,68,87,44,153,283,205,6,204,75,346	1128	269	0.0,0.0,0.0,0.011,0.003,0.004,0.009,0.0,0.0,0.0,0.002,0.001,0.0,0.0,0.0,0.002	0.0,0.0,0.0,0.0,0.001,0.001,0.0,0.003,0.0,0.002,0.0,0.003,0.0,0.0,0.006,0.0	0.001
538	0,0,0,7,0,6,0,0,0,0,0,0,0,0,0,0	0,0,0,0,0,0,0,0,0,0,0,0,0,0,0,0	1,0,0,2,0,5,0,0,3,0,0,0,0,0,0,0	0,0,0,0,0,4,0,0,0,0,0,0,0,0,0,0	345	269	NA,NA,NA,1.0,NA,1.0,NA,NA,NA,NA,NA,NA,NA,NA,NA,NA	1.0,NA,NA,1.0,NA,0.494,NA,NA,1.0,NA,NA,NA,NA,NA,NA,NA	0.127
539	1,4,7,12,11,47,13,17,4,5,23,102,2,16,9,9	4,1,0,2,5,12,2,8,18,0,13,17,0,14,5,7	4,3,9,10,12,45,3,11,11,4,10,24,0,5,14,6	2,5,5,9,4,9,0,4,3,0,9,1,0,3,8,1	678	269	0.09,0.613,1.0,0.704,0.466,0.608,0.721,0.457,0.081,1.0,0.412,0.704,1.0,0.312,0.417,0.338	0.442,0.192,0.417,0.306,0.543,0.665,1.0,0.522,0.593,1.0,0.306,0.905,NA,0.398,0.41,0.704	-0.003
541	0,4,5,0,2,7,4,1,3,7,8,0,0,3,2,4	0,0,0,0,0,1,0,0,0,0,0,0,0,0,0,0	3,4,6,1,1,0,1,1,1,2,7,1,0,5,0,2	0,0,0,0,0,0,0,0,0,0,0,0,0,0,0,0	1975	269	NA,1.0,1.0,NA,1.0,0.488,1.0,1.0,1.0,1.0,1.0,NA,NA,1.0,1.0,1.0	1.0,1.0,1.0,1.0,1.0,NA,1.0,1.0,1.0,1.0,1.0,1.0,NA,1.0,NA,1.0	-0.043
544	0,6,0,4,3,0,0,1,1,0,5,12,0,1,0,1	1,6,0,5,1,0,1,2,3,0,3,1,0,3,3,1	0,6,4,1,1,0,1,3,2,5,5,3,0,2,0,2	0,0,2,2,4,1,0,7,7,5,3,5,0,1,8,4	1210	269	0.0,0.182,NA,0.151,0.4,NA,0.0,0.1,0.069,NA,0.27,0.727,NA,0.069,0.0,0.182	NA,1.0,0.308,0.1,0.053,0.0,1.0,0.087,0.06,0.182,0.27,0.118,NA,0.308,0.0,0.1	-0.077
545	0,6,0,4,3,1,0,1,1,2,5,16,0,1,0,1	0,0,1,0,0,1,3,0,9,0,8,2,0,5,0,0	0,6,4,1,1,1,1,4,2,8,7,3,0,2,0,2	0,0,0,3,1,1,2,3,0,1,6,2,0,4,2,2	1298	269	NA,1.0,0.0,1.0,1.0,0.172,0.0,1.0,0.023,1.0,0.115,0.624,NA,0.04,NA,1.0	NA,1.0,1.0,0.065,0.172,0.172,0.094,0.216,1.0,0.624,0.195,0.237,NA,0.094,0.0,0.172	0.176
546	0,6,0,4,3,1,0,1,1,2,5,16,0,1,0,1	6,28,23,18,12,8,22,20,60,4,36,53,0,42,21,23	0,6,4,1,1,1,1,4,2,8,7,3,0,2,0,2	4,27,28,41,17,21,11,8,61,3,24,19,1,18,17,18	1228	269	0.0,0.045,0.0,0.046,0.052,0.027,0.0,0.011,0.004,0.099,0.03,0.062,NA,0.005,0.0,0.009	0.0,0.046,0.03,0.005,0.013,0.01,0.02,0.099,0.007,0.369,0.06,0.033,0.0,0.024,0.0,0.024	-0.02
550	0,1,0,0,3,1,0,0,1,6,0,0,0,5,0,2	0,0,0,0,4,1,0,0,0,0,0,0,0,0,0,3	0,0,0,1,0,1,0,0,0,3,1,1,0,3,0,0	0,0,0,0,0,2,1,2,0,0,0,0,0,2,0,0	774	269	NA,1.0,NA,NA,0.207,0.258,NA,NA,1.0,1.0,NA,NA,NA,1.0,NA,0.188	NA,NA,NA,1.0,NA,0.148,0.0,0.0,NA,1.0,1.0,1.0,NA,0.343,NA,NA	0.103
552	99,17,40,190,257,727,54,518,62,382,360,678,177,545,926,483	0,0,0,0,0,0,0,2,0,0,0,0,0,0,0,0	7,4,14,71,351,509,72,365,42,236,255,320,181,539,745,579	0,0,0,0,0,0,0,0,0,0,0,0,0,0,0,0	295	269	1.0,1.0,1.0,1.0,1.0,1.0,1.0,0.996,1.0,1.0,1.0,1.0,1.0,1.0,1.0,1.0	1.0,1.0,1.0,1.0,1.0,1.0,1.0,1.0,1.0,1.0,1.0,1.0,1.0,1.0,1.0,1.0	-0.0
553	0,0,0,0,0,0,0,0,0,0,0,0,0,0,2,0	0,2,1,5,4,19,0,1,0,0,4,12,1,6,12,5	0,0,0,0,0,0,0,0,1,3,0,0,0,0,0,0	2,1,4,1,4,11,5,4,4,33,2,1,1,6,9,13	443	269	NA,0.0,0.0,0.0,0.0,0.0,NA,0.0,NA,NA,0.0,0.0,0.0,0.0,0.092,0.0	0.0,0.0,0.0,0.0,0.0,0.0,0.0,0.0,0.132,0.052,0.0,0.0,0.0,0.0,0.0,0.0	-0.004
561	0,0,0,0,2,1,0,0,2,7,8,3,0,4,0,8	0,0,0,0,3,0,0,0,0,1,6,0,0,7,0,25	0,0,0,2,3,1,0,0,3,5,2,0,0,1,0,9	0,0,0,0,4,0,0,1,0,3,5,0,0,10,0,26	361	269	NA,NA,NA,NA,0.332,1.0,NA,NA,1.0,0.839,0.498,1.0,NA,0.299,NA,0.193	NA,NA,NA,1.0,0.359,1.0,NA,0.0,1.0,0.554,0.23,NA,NA,0.069,NA,0.205	0.154
566	2,0,1,0,0,0,0,0,2,1,4,0,0,1,1,1	0,0,0,0,0,0,0,0,0,1,0,0,0,0,0,0	0,0,4,0,2,0,0,0,1,0,0,0,0,1,1,3	1,0,0,0,0,0,0,0,0,0,0,0,0,0,0,1	655	269	1.0,NA,1.0,NA,NA,NA,NA,NA,1.0,0.291,1.0,NA,NA,1.0,1.0,1.0	0.0,NA,1.0,NA,1.0,NA,NA,NA,1.0,NA,NA,NA,NA,1.0,1.0,0.552	0.118
570	0,0,1,0,0,0,0,0,2,0,1,0,0,4,1,0	0,3,2,0,6,1,1,6,1,10,11,9,0,18,4,21	0,2,0,0,0,0,0,1,0,4,0,0,0,1,1,0	0,3,1,2,7,4,0,10,7,9,5,1,0,26,3,16	350	269	NA,0.0,0.278,NA,0.0,0.0,0.0,0.0,0.606,0.0,0.065,0.0,NA,0.146,0.161,0.0	NA,0.339,0.0,0.0,0.0,0.0,NA,0.071,0.0,0.255,0.0,0.0,NA,0.029,0.204,0.0	0.028
571	0,0,0,0,0,0,0,0,2,0,0,0,0,0,0,0	0,0,0,0,1,8,0,2,0,43,0,1,0,1,0,2	0,0,0,0,0,0,0,0,0,0,0,0,0,0,0,0	0,0,0,0,1,3,0,0,0,25,1,1,0,6,0,8	339	269	NA,NA,NA,NA,0.0,0.0,NA,0.0,1.0,0.0,NA,0.0,NA,0.0,NA,0.0	NA,NA,NA,NA,0.0,0.0,NA,NA,NA,0.0,0.0,0.0,NA,0.0,NA,0.0	0.125
572	1,0,0,0,0,0,0,0,0,0,0,0,0,0,0,0	9,33,19,24,35,24,2,25,29,34,32,40,2,54,5,41	0,1,0,0,0,0,0,0,0,0,0,0,0,0,0,0	77,50,35,20,14,16,4,8,43,15,6,26,6,12,2,10	1264	269	0.023,0.0,0.0,0.0,0.0,0.0,0.0,0.0,0.0,0.0,0.0,0.0,0.0,0.0,0.0,0.0	0.0,0.004,0.0,0.0,0.0,0.0,0.0,0.0,0.0,0.0,0.0,0.0,0.0,0.0,0.0,0.0	0.001
576	1,0,3,1,0,2,0,0,0,0,0,2,0,2,3,2	1,1,0,0,0,11,4,0,0,16,0,0,0,1,9,12	1,1,0,0,0,5,0,0,0,3,0,0,0,1,1,6	0,1,3,0,3,7,0,0,0,31,3,2,0,8,14,22	389	269	0.409,0.0,1.0,1.0,NA,0.112,0.0,NA,NA,0.0,NA,1.0,NA,0.58,0.187,0.103	1.0,0.409,0.0,NA,0.0,0.331,NA,NA,NA,0.063,0.0,0.0,NA,0.08,0.047,0.159	0.209
579	0,0,0,0,0,1,0,0,6,0,0,2,7,0,11,2	0,0,0,1,0,0,0,0,1,0,0,0,6,1,6,0	0,0,0,1,0,1,0,2,0,0,0,0,0,0,13,0	1,0,0,0,0,0,0,0,0,0,0,1,1,1,4,3	388	269	NA,NA,NA,0.0,NA,1.0,NA,NA,0.806,NA,NA,1.0,0.447,0.0,0.56,1.0	0.0,NA,NA,1.0,NA,1.0,NA,1.0,NA,NA,NA,0.0,0.0,0.0,0.693,0.0	0.191
580	0,0,0,0,0,1,0,0,6,0,0,2,8,0,11,2	14,7,16,60,22,116,6,41,29,20,0,148,358,128,604,42	0,0,0,0,0,1,0,2,0,0,0,0,0,0,14,0	3,8,10,56,64,94,4,82,41,5,0,74,323,160,502,69	430	269	0.0,0.0,0.0,0.0,0.0,0.005,0.0,0.0,0.115,0.0,NA,0.008,0.014,0.0,0.011,0.029	0.0,0.0,0.0,0.0,0.0,0.007,0.0,0.015,0.0,0.0,NA,0.0,0.0,0.0,0.017,0.0	0.01
581	0,0,0,1,0,0,0,0,0,0,0,0,0,0,0,0	0,0,0,0,0,0,0,0,0,2,1,12,0,0,0,0	0,0,0,0,0,0,0,0,0,0,0,0,0,0,0,0	0,2,0,0,5,0,1,3,1,0,1,4,0,3,0,1	631	269	NA,NA,NA,1.0,NA,NA,NA,NA,NA,0.0,0.0,0.0,NA,NA,NA,NA	NA,0.0,NA,NA,0.0,NA,0.0,0.0,0.0,NA,0.0,0.0,NA,0.0,NA,0.0	0.25
584	0,0,2,1,0,2,0,0,0,0,0,0,0,1,0,1	3,3,2,0,1,3,0,0,0,0,0,0,0,0,0,3	0,2,6,0,0,0,0,0,0,0,0,0,0,0,0,0	1,0,5,0,1,1,0,0,3,0,0,2,0,0,0,1	344	269	0.0,0.0,0.439,1.0,0.0,0.343,NA,NA,NA,NA,NA,NA,NA,1.0,NA,0.207	0.0,1.0,0.484,NA,0.0,0.0,NA,NA,0.0,NA,NA,0.0,NA,NA,NA,0.0	0.188
587	0,0,0,0,0,0,0,0,0,0,0,0,0,0,0,0	7,11,17,24,21,133,7,11,18,42,45,44,0,24,66,37	0,0,0,0,0,3,1,0,0,0,0,0,0,0,0,0	4,2,28,25,48,106,6,19,22,12,54,17,1,40,52,32	1525	269	0.0,0.0,0.0,0.0,0.0,0.0,0.0,0.0,0.0,0.0,0.0,0.0,NA,0.0,0.0,0.0	0.0,0.0,0.0,0.0,0.0,0.005,0.029,0.0,0.0,0.0,0.0,0.0,0.0,0.0,0.0,0.0	-0.002
588	4,1,2,4,4,5,0,0,0,0,14,5,1,2,5,6	508,727,378,1175,276,1057,38,207,673,623,236,415,162,598,843,657	4,2,2,0,4,1,1,3,0,2,7,2,3,4,7,3	86,750,543,1203,327,942,34,237,620,428,204,202,197,490,778,666	440	269	0.005,0.001,0.003,0.002,0.009,0.003,0.0,0.0,0.0,0.0,0.035,0.007,0.004,0.002,0.004,0.006	0.028,0.002,0.002,0.0,0.007,0.001,0.018,0.008,0.0,0.003,0.021,0.006,0.009,0.005,0.005,0.003	-0.002
591	0,0,0,0,5,9,2,1,0,20,13,43,0,5,0,16	0,0,0,0,0,0,0,0,0,1,1,3,0,0,0,0	1,0,0,0,16,2,4,6,0,34,17,17,0,32,1,40	0,0,0,0,4,0,0,0,0,1,0,0,0,0,0,2	341	269	NA,NA,NA,NA,1.0,1.0,1.0,1.0,NA,0.94,0.911,0.919,NA,1.0,NA,1.0	1.0,NA,NA,NA,0.759,1.0,1.0,1.0,NA,0.964,1.0,1.0,NA,1.0,1.0,0.94	0.005
598	2,11,12,26,0,8,0,0,0,6,21,7,0,4,0,2	0,0,6,8,0,0,0,0,0,0,2,0,0,0,0,0	0,0,13,14,1,20,5,1,3,3,29,3,3,8,5,2	0,0,2,1,0,1,0,0,4,0,1,0,0,1,0,0	353	269	1.0,1.0,0.604,0.712,NA,1.0,NA,NA,NA,1.0,0.889,1.0,NA,1.0,NA,1.0	NA,NA,0.832,0.914,1.0,0.938,1.0,1.0,0.364,1.0,0.957,1.0,1.0,0.859,1.0,1.0	0.002
607	0,0,0,0,0,0,0,0,0,2,4,0,1,0,0,0	0,1,1,3,7,6,22,1,2,31,34,21,4,5,13,27	0,0,0,0,0,0,0,0,0,0,0,0,0,0,0,0	0,1,1,1,11,6,39,2,4,10,40,2,3,9,20,19	647	269	NA,0.0,0.0,0.0,0.0,0.0,0.0,0.0,0.0,0.026,0.047,0.0,0.094,0.0,0.0,0.0	NA,0.0,0.0,0.0,0.0,0.0,0.0,0.0,0.0,0.0,0.0,0.0,0.0,0.0,0.0,0.0	0.011
615	1,0,0,0,2,0,2,1,0,6,1,0,0,1,1,1	0,0,0,0,0,0,0,0,0,0,1,0,0,0,0,0	0,0,0,0,2,2,0,1,0,5,0,3,0,3,1,2	0,0,0,0,0,0,0,0,0,0,0,0,0,0,0,0	804	269	1.0,NA,NA,NA,1.0,NA,1.0,1.0,NA,1.0,0.251,NA,NA,1.0,1.0,1.0	NA,NA,NA,NA,1.0,1.0,NA,1.0,NA,1.0,NA,1.0,NA,1.0,1.0,1.0	-0.083
627	0,0,2,5,0,1,1,2,14,0,0,6,4,1,7,0	0,0,0,0,0,0,0,0,0,0,0,0,0,2,1,0	0,0,1,5,2,2,0,0,23,0,0,6,4,1,2,0	0,0,0,0,2,0,0,0,0,0,0,0,1,0,0,0	2962	269	NA,NA,1.0,1.0,NA,1.0,1.0,1.0,1.0,NA,NA,1.0,1.0,0.043,0.389,NA	NA,NA,1.0,1.0,0.083,1.0,NA,NA,1.0,NA,NA,1.0,0.266,1.0,1.0,NA	0.027
628	0,0,0,4,0,7,0,1,1,0,0,0,0,1,2,1	0,0,0,11,0,30,0,2,17,0,0,1,0,5,1,0	0,0,2,1,0,15,0,0,0,6,0,0,0,0,3,1	0,0,2,9,1,22,1,4,0,3,0,1,0,2,2,2	527	269	NA,NA,NA,0.157,NA,0.106,NA,0.203,0.029,NA,NA,0.0,NA,0.093,0.505,1.0	NA,NA,0.338,0.054,0.0,0.258,0.0,0.0,NA,0.505,NA,0.0,NA,0.0,0.434,0.203	0.099
630	0,2,4,0,4,2,0,0,2,1,1,0,0,3,2,1	0,6,7,2,1,4,0,1,4,8,5,0,0,6,0,8	0,1,1,0,0,0,0,1,0,0,0,2,0,0,0,0	1,3,17,0,3,5,0,0,0,2,3,2,0,3,8,11	2763	269	NA,0.031,0.053,0.0,0.28,0.046,NA,0.0,0.046,0.012,0.019,NA,NA,0.046,1.0,0.012	0.0,0.031,0.006,NA,0.0,0.0,NA,1.0,NA,0.0,0.0,0.089,NA,0.0,0.0,0.0	0.035
631	0,0,0,0,0,0,0,0,2,0,0,0,0,0,0,0	0,0,3,1,1,2,0,0,6,2,0,3,0,6,0,3	0,0,0,0,0,0,0,0,0,0,0,0,0,0,0,0	1,1,6,3,2,0,0,1,0,0,0,0,0,1,0,2	1787	269	NA,NA,0.0,0.0,0.0,0.0,NA,NA,0.048,0.0,NA,0.0,NA,0.0,NA,0.0	0.0,0.0,0.0,0.0,0.0,NA,NA,0.0,NA,NA,NA,NA,NA,0.0,NA,0.0	0.005
634	0,0,0,0,0,0,1,0,0,0,0,0,0,0,0,0	0,1,0,2,0,1,10,0,0,0,0,2,1,1,5,0	0,0,0,0,0,0,1,0,0,0,0,0,0,0,0,0	0,0,0,1,1,2,20,0,0,0,1,2,0,3,0,1	527	269	NA,0.0,NA,0.0,NA,0.0,0.049,NA,NA,NA,NA,0.0,0.0,0.0,0.0,NA	NA,NA,NA,0.0,0.0,0.0,0.025,NA,NA,NA,0.0,0.0,NA,0.0,NA,0.0	0.003
635	0,1,0,0,0,1,0,0,0,0,0,0,8,0,24,0	0,1,4,0,0,1,0,0,0,0,0,0,11,0,11,0	0,1,0,0,0,0,0,0,0,0,0,0,15,0,10,0	0,0,0,0,0,2,0,0,0,0,0,0,7,0,6,0	820	269	NA,0.247,0.0,NA,NA,0.247,NA,NA,NA,NA,NA,NA,0.193,NA,0.417,NA	NA,1.0,NA,NA,NA,0.0,NA,NA,NA,NA,NA,NA,0.413,NA,0.353,NA	-0.221
636	0,0,0,0,0,0,0,0,0,5,0,2,0,2,0,3	1,1,4,0,7,14,0,2,2,22,9,5,0,8,7,12	0,1,0,0,4,0,0,0,0,11,0,0,0,3,1,7	0,1,5,8,9,14,0,8,9,25,9,1,0,12,3,34	1391	269	0.0,0.0,0.0,NA,0.0,0.0,NA,0.0,0.0,0.042,0.0,0.072,NA,0.046,0.0,0.046	NA,0.162,0.0,0.0,0.079,0.0,NA,0.0,0.0,0.078,0.0,0.0,NA,0.046,0.061,0.038	-0.02
640	0,0,0,0,0,0,0,0,0,3,0,1,0,0,2,1	0,2,2,1,17,27,1,13,2,72,12,57,1,41,10,95	0,0,0,0,1,0,1,1,0,0,1,0,0,1,0,2	0,2,0,4,18,31,2,13,0,46,13,24,0,50,21,143	341	269	NA,0.0,0.0,0.0,0.0,0.0,0.0,0.0,0.0,0.032,0.0,0.014,0.0,0.0,0.136,0.008	NA,0.0,NA,0.0,0.042,0.0,0.283,0.057,NA,0.0,0.057,0.0,NA,0.016,0.0,0.011	-0.026
642	0,0,0,0,1,0,0,0,0,0,3,0,0,0,0,0	0,0,5,0,3,0,0,0,3,1,4,5,0,2,1,2	0,0,1,0,0,0,0,0,0,0,0,0,0,1,0,0	0,0,0,0,6,2,0,2,0,1,7,1,0,6,3,2	928	269	NA,NA,0.0,NA,0.088,NA,NA,NA,0.0,0.0,0.179,0.0,NA,0.0,0.0,0.0	NA,NA,1.0,NA,0.0,0.0,NA,0.0,NA,0.0,0.0,0.0,NA,0.046,0.0,0.0	-0.075
645	0,0,0,0,0,0,0,0,0,0,0,0,0,0,0,0	0,0,0,0,0,0,0,0,0,0,0,2,0,0,0,0	0,0,0,0,0,0,0,0,0,0,0,0,0,1,0,0	0,0,0,0,0,0,0,0,0,0,0,0,0,1,0,0	374	269	NA,NA,NA,NA,NA,NA,NA,NA,NA,NA,NA,0.0,NA,NA,NA,NA	NA,NA,NA,NA,NA,NA,NA,NA,NA,NA,NA,NA,NA,0.418,NA,NA	-0.418
650	0,2,1,0,3,0,1,3,3,1,7,3,0,1,2,4	37,134,100,71,272,109,53,189,105,162,567,506,9,310,78,181	0,3,1,1,3,1,1,2,2,0,4,6,1,1,3,2	12,109,96,99,276,115,45,236,111,72,598,281,11,266,67,200	357	269	0.0,0.011,0.007,0.0,0.008,0.0,0.014,0.012,0.021,0.005,0.009,0.004,0.0,0.002,0.019,0.016	0.0,0.02,0.008,0.008,0.008,0.007,0.016,0.006,0.013,0.0,0.005,0.016,0.064,0.003,0.033,0.007	-0.005
654	0,0,0,0,0,0,0,0,0,0,0,0,0,0,0,0	0,0,0,0,0,1,0,0,0,0,0,3,0,0,0,0	0,0,0,0,1,0,0,0,0,0,0,0,0,0,0,0	0,0,0,0,0,1,1,0,0,1,0,0,0,1,0,0	374	269	NA,NA,NA,NA,NA,0.0,NA,NA,NA,NA,NA,0.0,NA,NA,NA,NA	NA,NA,NA,NA,1.0,0.0,0.0,NA,NA,0.0,NA,NA,NA,0.0,NA,NA	-0.2
655	0,0,0,0,0,0,0,0,0,0,0,0,0,0,0,0	0,0,0,0,3,3,0,2,0,9,4,0,0,3,7,10	0,0,0,0,1,0,0,0,0,0,0,0,0,0,0,0	0,0,0,1,1,3,0,4,0,0,3,0,1,8,3,5	480	269	NA,NA,NA,NA,0.0,0.0,NA,0.0,NA,0.0,0.0,NA,NA,0.0,0.0,0.0	NA,NA,NA,0.0,0.359,0.0,NA,0.0,NA,NA,0.0,NA,0.0,0.0,0.0,0.0	-0.04
656	2,0,0,0,0,0,0,0,0,0,1,0,0,0,0,0	722,1190,1597,947,1741,685,558,1706,2919,1302,3121,1581,264,1959,697,1434	0,0,0,1,0,0,0,0,0,0,0,0,0,0,0,0	1536,1480,1424,1717,835,630,512,854,1772,751,2133,1104,277,852,719,941	389	269	0.002,0.0,0.0,0.0,0.0,0.0,0.0,0.0,0.0,0.0,0.0,0.0,0.0,0.0,0.0,0.0	0.0,0.0,0.0,0.0,0.0,0.0,0.0,0.0,0.0,0.0,0.0,0.0,0.0,0.0,0.0,0.0	0.0
658	0,3,1,0,7,2,1,12,6,1,10,4,0,2,3,6	2,0,2,0,5,2,1,3,8,23,15,5,0,7,0,1	0,0,4,6,5,1,2,6,1,6,11,7,0,4,1,1	1,2,3,0,5,2,0,4,0,2,15,10,0,4,2,1	381	269	0.0,1.0,0.261,NA,0.497,0.414,0.414,0.739,0.346,0.03,0.32,0.361,NA,0.168,1.0,0.809	0.0,0.0,0.485,1.0,0.414,0.261,1.0,0.514,1.0,0.679,0.341,0.331,NA,0.414,0.261,0.414	-0.02
659	0,3,1,0,7,2,1,12,6,1,10,4,0,2,3,6	52,117,123,111,279,80,211,252,412,168,591,330,4,495,105,315	0,0,4,6,5,1,2,6,0,6,11,7,0,4,1,1	73,169,152,179,279,94,145,187,274,156,648,279,9,278,79,229	370	269	0.0,0.018,0.006,0.0,0.018,0.018,0.003,0.033,0.01,0.004,0.012,0.009,0.0,0.003,0.02,0.014	0.0,0.0,0.019,0.024,0.013,0.008,0.01,0.023,0.0,0.027,0.012,0.018,0.0,0.01,0.009,0.003	-0.001
660	0,0,0,0,0,0,0,0,0,0,0,0,0,0,0,0	0,0,0,0,0,0,0,0,0,0,2,0,0,1,0,0	0,0,1,0,0,0,0,0,0,0,0,0,0,0,0,0	0,0,0,0,3,0,0,0,0,0,0,0,0,0,0,0	361	269	NA,NA,NA,NA,NA,NA,NA,NA,NA,NA,0.0,NA,NA,0.0,NA,NA	NA,NA,1.0,NA,0.0,NA,NA,NA,NA,NA,NA,NA,NA,NA,NA,NA	-0.5
664	0,0,0,0,0,1,24,0,0,1,0,1,0,6,5,5	1,0,0,0,0,1,13,0,0,0,0,5,0,4,11,5	0,0,0,0,0,2,12,0,1,4,1,0,0,5,3,8	0,0,0,2,0,1,18,0,0,0,2,2,0,6,5,2	677	269	0.0,NA,NA,NA,NA,0.284,0.423,NA,NA,1.0,NA,0.074,NA,0.373,0.153,0.284	NA,NA,NA,0.0,NA,0.443,0.209,NA,1.0,1.0,0.166,0.0,NA,0.249,0.193,0.614	-0.064
666	0,1,1,7,5,2,0,1,1,3,7,18,0,1,2,7	2,0,0,2,9,3,0,2,0,14,9,14,4,13,6,13	3,0,0,2,11,2,0,2,0,0,11,9,0,13,2,9	3,1,1,1,4,11,1,3,0,5,4,4,0,22,2,14	1310	269	0.0,1.0,1.0,0.418,0.102,0.12,NA,0.093,1.0,0.042,0.138,0.209,0.0,0.016,0.064,0.1	0.17,0.0,0.0,0.291,0.361,0.036,0.0,0.12,NA,0.0,0.361,0.316,NA,0.108,0.17,0.117	0.14
669	3,2,5,2,4,8,6,2,9,4,6,2,0,5,7,6	733,738,994,741,881,352,391,906,2340,558,1203,470,188,908,734,634	2,10,4,7,3,5,1,5,6,4,11,1,1,2,4,9	1238,979,1047,1432,416,295,316,551,1284,342,928,398,225,373,697,359	571	269	0.002,0.001,0.002,0.001,0.002,0.011,0.007,0.001,0.002,0.003,0.002,0.002,0.0,0.003,0.004,0.004	0.001,0.005,0.002,0.002,0.003,0.008,0.001,0.004,0.002,0.005,0.006,0.001,0.002,0.003,0.003,0.012	-0.001
672	0,0,0,0,0,0,0,2,0,0,0,0,0,0,0,0	2,1,0,4,3,0,0,1,11,35,3,3,0,11,1,18	0,0,0,0,0,0,0,0,0,6,0,0,0,0,0,0	1,1,2,0,3,2,0,1,26,12,4,1,0,8,2,6	491	269	0.0,0.0,NA,0.0,0.0,NA,NA,0.523,0.0,0.0,0.0,0.0,NA,0.0,0.0,0.0	0.0,0.0,0.0,NA,0.0,0.0,NA,0.0,0.0,0.215,0.0,0.0,NA,0.0,0.0,0.0	0.027
673	3,6,0,8,19,0,0,10,14,172,27,21,0,49,0,86	0,0,0,0,0,0,0,2,2,0,0,0,0,0,0,3	1,4,4,5,16,6,3,11,59,90,14,7,1,39,9,83	0,0,0,0,0,0,0,0,0,0,0,0,0,0,0,0	368	269	1.0,1.0,NA,1.0,1.0,NA,NA,0.785,0.837,1.0,1.0,1.0,NA,1.0,NA,0.954	1.0,1.0,1.0,1.0,1.0,1.0,1.0,1.0,1.0,1.0,1.0,1.0,1.0,1.0,1.0,1.0	-0.039
